8.129961e-001	1.870039e-001	0.000000e+000	0.000000e+000	0.000000e+000	
0.000000e+000	7.590019e-001	2.409981e-001	0.000000e+000	0.000000e+000	
0.000000e+000	0.000000e+000	9.036832e-001	9.631676e-002	0.000000e+000	
0.000000e+000	0.000000e+000	0.000000e+000	9.278380e-001	7.216196e-002	
0.000000e+000	0.000000e+000	0.000000e+000	0.000000e+000	1.000000e+000	
1.000000e-030	1.000000e-030	1.000000e-030	1.000000e-030	1.000000e-030	1.000000e-030	1.000000e-030	1.000000e-030	1.000000e-030	1.000000e-030	1.000000e-030	3.602340e-007	1.000000e-030	1.000000e-030	1.000000e-030	1.489186e-003	1.000000e-030	1.000000e-030	1.000000e-030	3.708359e-001	1.316844e-002	1.814275e-001	1.000000e-030	1.000000e-030	1.772670e-028	7.877668e-002	1.000000e-030	9.163078e-010	3.543019e-001	2.114752e-015	1.000000e-030	1.000000e-030	
1.000000e-030	1.000000e-030	1.000000e-030	1.000000e-030	1.000000e-030	1.000000e-030	1.000000e-030	1.000000e-030	6.061015e-018	1.000000e-030	1.000000e-030	4.552070e-002	1.000000e-030	1.000000e-030	1.000000e-030	2.349993e-001	1.000000e-030	1.000000e-030	1.000000e-030	9.606050e-002	4.363654e-001	7.186463e-003	1.000000e-030	1.000000e-030	3.075681e-009	1.394743e-001	1.000000e-030	1.456022e-002	2.539568e-002	4.374302e-004	1.000000e-030	1.000000e-030	
4.784982e-009	1.000000e-030	1.847347e-019	1.000000e-030	1.000000e-030	1.000000e-030	1.000000e-030	1.000000e-030	4.324934e-004	1.000000e-030	1.000000e-030	1.846483e-001	1.000000e-030	1.000000e-030	1.000000e-030	1.630441e-003	1.000000e-030	1.000000e-030	9.865239e-016	5.113597e-001	1.145423e-002	4.246047e-012	1.000000e-030	1.000000e-030	4.141681e-002	6.682696e-007	1.000000e-030	1.534485e-001	1.924815e-009	9.560883e-002	1.000000e-030	1.000000e-030	
1.443239e-001	1.000000e-030	1.889726e-001	1.000000e-030	1.000000e-030	1.000000e-030	2.410459e-002	1.030556e-004	2.883215e-001	2.158607e-029	1.000000e-030	6.451423e-002	1.000000e-030	6.993640e-008	1.000000e-030	2.136896e-013	1.000000e-030	1.000000e-030	7.192932e-002	7.903797e-002	6.679636e-010	1.000000e-030	1.000000e-030	1.000000e-030	1.132938e-001	3.338462e-024	1.000000e-030	2.499833e-002	2.779623e-015	4.007013e-004	1.000000e-030	1.000000e-030	
6.644676e-009	1.000000e-030	2.116471e-002	3.064524e-002	1.000000e-030	1.000000e-030	1.020434e-002	7.659123e-002	5.028829e-007	1.532262e-002	1.000000e-030	2.145167e-001	1.000000e-030	3.064523e-002	1.000000e-030	1.000000e-030	1.000000e-030	1.000000e-030	4.939922e-005	2.484400e-001	4.596787e-002	1.000000e-030	1.000000e-030	1.000000e-030	3.090778e-020	1.072584e-001	1.000000e-030	3.064522e-002	1.225810e-001	3.064497e-002	1.000000e-030	1.532262e-002	
