9.259401e-001	7.405993e-002	0.000000e+000	0.000000e+000	0.000000e+000	
0.000000e+000	9.259118e-001	7.408822e-002	0.000000e+000	0.000000e+000	
0.000000e+000	0.000000e+000	1.551959e-018	1.000000e+000	0.000000e+000	
0.000000e+000	0.000000e+000	0.000000e+000	9.166666e-001	8.333341e-002	
0.000000e+000	0.000000e+000	0.000000e+000	0.000000e+000	1.000000e+000	
1.000000e-030	1.000000e-030	1.000000e-030	1.000000e-030	1.000000e-030	1.000000e-030	1.000000e-030	1.000000e-030	1.000000e-030	1.000000e-030	1.000000e-030	1.000000e-030	1.000000e-030	1.000000e-030	1.000000e-030	1.000000e-030	1.000000e-030	1.000000e-030	1.000000e-030	1.000000e-030	1.000000e-030	1.000000e-030	1.000000e-030	1.000000e-030	1.000000e-030	1.000000e-030	1.000000e-030	1.000000e-030	1.000000e-030	1.000000e-030	1.000000e-030	1.000000e+000	
1.000000e-030	1.000000e-030	1.000000e-030	1.000000e-030	1.000000e-030	1.000000e-030	1.000000e-030	1.000000e-030	1.000000e-030	1.000000e-030	1.000000e-030	1.000000e-030	1.000000e-030	1.000000e-030	1.000000e-030	1.000000e-030	1.000000e-030	1.000000e-030	1.000000e-030	1.000000e-030	1.000000e-030	1.000000e-030	1.000000e-030	1.000000e-030	1.000000e-030	1.000000e-030	1.000000e-030	1.000000e-030	1.000000e-030	1.000000e-030	1.000000e-030	1.000000e+000	
1.000000e-030	1.000000e-030	1.000000e-030	1.000000e-030	1.000000e-030	1.000000e-030	1.000000e-030	1.000000e-030	1.000000e-030	1.000000e-030	1.000000e-030	1.000000e-030	1.000000e-030	1.000000e-030	1.000000e-030	1.000000e-030	1.000000e-030	1.000000e-030	1.000000e-030	1.000000e-030	1.000000e-030	1.000000e-030	1.000000e-030	1.509682e-018	1.000000e-030	1.000000e-030	1.000000e-030	1.000000e-030	1.000000e-030	1.000000e+000	1.000000e-030	4.227748e-020	
1.000000e-030	1.409307e-027	1.000000e-030	1.000000e-030	2.499993e-001	1.000000e-030	1.000000e-030	1.000000e-030	2.500002e-001	1.000000e-030	8.333341e-002	1.000000e-030	1.000000e-030	1.000000e-030	1.000000e-030	1.000000e-030	1.000000e-030	1.000000e-030	1.000000e-030	8.333341e-002	1.000000e-030	1.000000e-030	1.000000e-030	8.333341e-002	1.000000e-030	1.000000e-030	1.000000e-030	2.500002e-001	1.000000e-030	3.082393e-029	1.000000e-030	1.000000e-030	
1.000000e-030	1.694915e-002	1.694915e-002	1.000000e-030	1.900281e-007	1.000000e-030	1.000000e-030	5.084745e-002	1.000000e-030	1.000000e-030	1.000000e-030	1.694915e-002	3.389830e-002	1.000000e-030	1.000000e-030	1.000000e-030	1.000000e-030	1.000000e-030	1.000000e-030	1.000000e-030	1.000000e-030	1.000000e-030	1.000000e-030	5.084745e-002	1.000000e-030	1.000000e-030	1.000000e-030	1.000000e-030	1.000000e-030	1.000000e-030	1.000000e-030	8.135592e-001	
