8.839845e-001	1.160155e-001	0.000000e+000	0.000000e+000	0.000000e+000	
0.000000e+000	7.913209e-001	2.086791e-001	0.000000e+000	0.000000e+000	
0.000000e+000	0.000000e+000	8.482184e-001	1.517816e-001	0.000000e+000	
0.000000e+000	0.000000e+000	0.000000e+000	9.033018e-001	9.669816e-002	
0.000000e+000	0.000000e+000	0.000000e+000	0.000000e+000	1.000000e+000	
1.000000e-030	1.000000e-030	1.000000e-030	1.000000e-030	1.000000e-030	1.000000e-030	1.000000e-030	4.199226e-001	1.000000e-030	1.000000e-030	1.000000e-030	1.000000e-030	1.000000e-030	1.160155e-001	1.000000e-030	1.000000e-030	1.000000e-030	1.000000e-030	1.000000e-030	2.320310e-001	1.000000e-030	2.320310e-001	1.000000e-030	1.000000e-030	1.000000e-030	1.000000e-030	1.000000e-030	1.000000e-030	1.000000e-030	1.000000e-030	1.000000e-030	1.000000e-030	
1.000000e-030	1.000000e-030	1.000000e-030	1.000000e-030	1.000000e-030	1.000000e-030	1.000000e-030	2.880733e-001	1.000000e-030	1.000000e-030	1.000000e-030	1.000000e-030	1.000000e-030	1.000000e-030	1.000000e-030	2.086791e-001	1.000000e-030	1.000000e-030	1.000000e-030	1.000000e-030	1.000000e-030	8.287595e-016	1.000000e-030	1.000000e-030	1.000000e-030	1.000000e-030	1.000000e-030	2.086791e-001	2.945685e-001	1.000000e-030	1.000000e-030	1.000000e-030	
1.000000e-030	1.000000e-030	1.000000e-030	1.000000e-030	1.000000e-030	1.000000e-030	1.000000e-030	1.000000e-030	1.000000e-030	1.000000e-030	1.000000e-030	1.000000e-030	1.000000e-030	3.035632e-001	1.000000e-030	1.000000e-030	1.000000e-030	1.000000e-030	1.000000e-030	1.517816e-001	1.000000e-030	1.000000e-030	1.000000e-030	1.000000e-030	1.000000e-030	1.517816e-001	1.000000e-030	5.019038e-024	3.928736e-001	1.000000e-030	1.000000e-030	1.000000e-030	
1.000000e-030	1.000000e-030	1.000000e-030	1.000000e-030	1.000000e-030	1.000000e-030	1.000000e-030	4.474804e-001	1.000000e-030	9.619095e-002	1.000000e-030	9.669816e-002	1.000000e-030	1.000000e-030	1.000000e-030	1.000000e-030	1.000000e-030	1.000000e-030	1.000000e-030	1.662342e-001	1.933963e-001	1.000000e-030	1.000000e-030	1.000000e-030	1.000000e-030	1.000000e-030	1.000000e-030	1.000000e-030	1.000000e-030	1.000000e-030	1.000000e-030	1.000000e-030	
1.000000e-030	1.000000e-030	2.912966e-002	1.000000e-030	1.000000e-030	1.000000e-030	1.000000e-030	1.947667e-001	1.019538e-001	1.464123e-002	1.000000e-030	1.000000e-030	1.456483e-002	7.282415e-002	1.000000e-030	4.369449e-002	1.000000e-030	1.000000e-030	1.000000e-030	1.643043e-001	1.000000e-030	1.456483e-002	1.456483e-002	5.825932e-002	1.000000e-030	1.165186e-001	1.000000e-030	8.738898e-002	1.456483e-002	5.825932e-002	1.000000e-030	1.000000e-030	
