8.330661e-001	1.669339e-001	0.000000e+000	0.000000e+000	0.000000e+000	
0.000000e+000	8.033124e-001	1.966876e-001	0.000000e+000	0.000000e+000	
0.000000e+000	0.000000e+000	9.225394e-001	7.746058e-002	0.000000e+000	
0.000000e+000	0.000000e+000	0.000000e+000	7.210672e-001	2.789328e-001	
0.000000e+000	0.000000e+000	0.000000e+000	0.000000e+000	1.000000e+000	
1.000000e-030	1.000000e-030	1.000000e-030	1.000000e-030	1.000000e-030	1.000000e-030	1.000000e-030	1.000000e-030	1.000000e-030	1.000000e-030	1.000000e-030	1.000000e-030	1.000000e-030	2.074638e-017	1.000000e-030	1.446067e-001	1.000000e-030	1.000000e-030	1.000000e-030	1.000000e-030	1.000000e-030	1.000000e-030	1.000000e-030	4.762787e-001	1.000000e-030	1.000000e-030	1.000000e-030	1.000000e-030	1.000000e-030	1.000000e-030	1.000000e-030	3.791145e-001	
1.000000e-030	1.000000e-030	1.000000e-030	1.000000e-030	1.000000e-030	1.000000e-030	1.000000e-030	1.000000e-030	1.000000e-030	1.000000e-030	1.000000e-030	1.000000e-030	1.000000e-030	1.966876e-001	1.000000e-030	2.229943e-001	1.000000e-030	1.000000e-030	1.000000e-030	1.000000e-030	1.000000e-030	1.000000e-030	1.000000e-030	2.935412e-001	1.000000e-030	7.558245e-015	1.000000e-030	1.000000e-030	1.000000e-030	1.000000e-030	1.000000e-030	2.867769e-001	
1.000000e-030	1.000000e-030	1.000000e-030	1.000000e-030	1.000000e-030	1.000000e-030	1.000000e-030	1.000000e-030	1.000000e-030	1.000000e-030	1.000000e-030	1.000000e-030	1.000000e-030	2.961635e-011	1.000000e-030	1.549212e-001	1.000000e-030	1.000000e-030	1.000000e-030	1.000000e-030	1.000000e-030	1.000000e-030	1.000000e-030	2.830780e-001	1.000000e-030	3.860939e-001	1.000000e-030	1.000000e-030	1.000000e-030	1.000000e-030	1.000000e-030	1.759069e-001	
1.000000e-030	1.000000e-030	1.000000e-030	1.000000e-030	1.000000e-030	1.000000e-030	1.000000e-030	1.000000e-030	1.000000e-030	1.000000e-030	1.000000e-030	1.000000e-030	1.000000e-030	1.000000e-030	1.000000e-030	1.000000e-030	1.000000e-030	1.000000e-030	1.000000e-030	1.000000e-030	1.000000e-030	1.000000e-030	1.000000e-030	6.213642e-008	1.000000e-030	4.349042e-003	1.000000e-030	1.000000e-030	1.000000e-030	9.956509e-001	1.000000e-030	1.000000e-030	
1.000000e-030	1.399962e-002	8.399771e-002	1.000000e-030	1.000000e-030	1.000000e-030	1.000000e-030	1.119970e-001	4.199886e-002	1.399962e-002	1.000000e-030	1.399962e-002	1.000000e-030	6.999809e-002	1.000000e-030	5.599848e-002	1.000000e-030	1.000000e-030	1.000000e-030	4.199886e-002	1.000000e-030	1.000000e-030	1.000000e-030	1.679954e-001	1.399962e-002	4.199908e-002	1.000000e-030	2.799924e-002	1.399962e-002	2.300207e-001	1.000000e-030	5.599848e-002	
