7.059106e-001	2.940894e-001	0.000000e+000	0.000000e+000	0.000000e+000	
0.000000e+000	8.601061e-001	1.398939e-001	0.000000e+000	0.000000e+000	
0.000000e+000	0.000000e+000	9.308024e-001	6.919755e-002	0.000000e+000	
0.000000e+000	0.000000e+000	0.000000e+000	9.012119e-001	9.878812e-002	
0.000000e+000	0.000000e+000	0.000000e+000	0.000000e+000	1.000000e+000	
1.000000e-030	1.000000e-030	1.000000e-030	1.000000e-030	1.000000e-030	1.000000e-030	1.000000e-030	2.940894e-001	1.000000e-030	1.000000e-030	1.000000e-030	1.000000e-030	1.000000e-030	1.473506e-002	1.000000e-030	1.000000e-030	1.000000e-030	1.000000e-030	1.000000e-030	9.017644e-002	4.715931e-021	1.000000e-030	1.000000e-030	2.940894e-001	1.000000e-030	3.069097e-001	1.000000e-030	1.000000e-030	1.000000e-030	1.000000e-030	1.000000e-030	1.000000e-030	
1.000000e-030	1.000000e-030	1.000000e-030	1.000000e-030	1.000000e-030	1.000000e-030	1.000000e-030	2.783831e-008	1.000000e-030	1.000000e-030	1.000000e-030	1.000000e-030	1.000000e-030	1.975833e-001	1.000000e-030	1.000000e-030	1.000000e-030	1.000000e-030	1.000000e-030	2.151573e-001	1.398939e-001	1.000000e-030	1.000000e-030	1.000000e-030	1.000000e-030	3.074711e-001	1.000000e-030	1.000000e-030	1.398939e-001	1.000000e-030	1.000000e-030	4.752871e-007	
1.000000e-030	1.000000e-030	1.000000e-030	1.000000e-030	1.000000e-030	1.000000e-030	1.000000e-030	6.919755e-002	1.000000e-030	1.000000e-030	1.000000e-030	1.000000e-030	1.000000e-030	3.139839e-001	1.000000e-030	6.919755e-002	1.000000e-030	1.000000e-030	1.000000e-030	7.994860e-002	1.000000e-030	1.383951e-001	1.000000e-030	1.000000e-030	1.000000e-030	2.600800e-001	1.000000e-030	1.000000e-030	2.115055e-019	4.409771e-019	1.000000e-030	6.919732e-002	
1.000000e-030	1.000000e-030	1.000000e-030	1.000000e-030	1.000000e-030	1.000000e-030	9.878812e-002	1.000000e-030	1.000000e-030	1.000000e-030	1.000000e-030	1.000000e-030	1.000000e-030	1.613905e-006	1.000000e-030	1.000000e-030	1.000000e-030	1.000000e-030	1.000000e-030	1.975762e-001	1.000000e-030	1.000000e-030	1.000000e-030	1.000000e-030	1.000000e-030	9.878855e-002	1.000000e-030	9.878802e-002	1.000000e-030	4.939405e-001	1.211693e-002	1.000000e-030	
1.000000e-030	1.000000e-030	6.262001e-002	1.000000e-030	1.000000e-030	1.000000e-030	1.000000e-030	1.095850e-001	3.131000e-002	1.565500e-002	1.000000e-030	4.696501e-002	1.000000e-030	4.696501e-002	1.000000e-030	6.262001e-002	4.696501e-002	1.000000e-030	1.000000e-030	1.878600e-001	3.131000e-002	3.131000e-002	1.000000e-030	7.827501e-002	3.131000e-002	7.827501e-002	1.000000e-030	1.529372e-008	3.131000e-002	9.393002e-002	1.373483e-002	1.000000e-030	
