1.564782e-159	1.000000e+000	0.000000e+000	0.000000e+000	0.000000e+000	
0.000000e+000	9.294068e-001	7.059324e-002	0.000000e+000	0.000000e+000	
0.000000e+000	0.000000e+000	8.868038e-001	1.131962e-001	0.000000e+000	
0.000000e+000	0.000000e+000	0.000000e+000	9.333338e-001	6.666615e-002	
0.000000e+000	0.000000e+000	0.000000e+000	0.000000e+000	1.000000e+000	
1.000000e-030	1.000000e-030	1.000000e-030	1.000000e-030	1.000000e-030	1.000000e-030	1.000000e-030	1.000000e-030	1.000000e-030	1.000000e-030	1.000000e-030	1.000000e-030	1.000000e-030	1.000000e-030	1.000000e-030	1.000000e-030	1.000000e-030	1.000000e-030	1.000000e-030	1.000000e-030	1.000000e-030	1.000000e-030	1.000000e-030	1.000000e+000	1.000000e-030	1.000000e-030	1.000000e-030	1.000000e-030	1.000000e-030	1.000000e-030	1.000000e-030	1.000000e-030	
1.000000e-030	1.000000e-030	1.000000e-030	1.000000e-030	1.000000e-030	1.000000e-030	1.000000e-030	1.000000e-030	1.000000e-030	1.000000e-030	1.000000e-030	1.000000e-030	1.000000e-030	1.000000e-030	4.633933e-030	1.000000e-030	1.000000e-030	1.000000e-030	1.000000e-030	1.000000e-030	1.000000e-030	1.000000e-030	1.000000e-030	1.000000e-030	1.000000e-030	7.073637e-004	1.000000e-030	1.000000e-030	1.000000e-030	8.581062e-001	1.411865e-001	1.000000e-030	
1.000000e-030	1.000000e-030	1.000000e-030	1.000000e-030	1.000000e-030	1.000000e-030	1.000000e-030	1.000000e-030	3.301891e-021	1.000000e-030	1.000000e-030	1.000000e-030	1.000000e-030	1.000000e-030	1.131962e-001	1.000000e-030	1.000000e-030	1.000000e-030	1.000000e-030	1.000000e-030	1.000000e-030	1.000000e-030	1.000000e-030	1.131962e-001	1.000000e-030	1.120619e-001	1.000000e-030	2.263790e-001	1.000000e-030	4.351667e-001	5.093384e-029	1.000000e-030	
1.000000e-030	1.000000e-030	3.333308e-001	1.000000e-030	1.000000e-030	1.000000e-030	1.000000e-030	1.000000e-030	5.333292e-001	1.000000e-030	1.000000e-030	1.000000e-030	1.000000e-030	1.000000e-030	1.000000e-030	2.901890e-015	6.666615e-002	1.000000e-030	1.000000e-030	6.666593e-002	1.000000e-030	1.000000e-030	1.000000e-030	1.000000e-030	1.000000e-030	1.000000e-030	1.000000e-030	7.911845e-006	1.000000e-030	1.000000e-030	1.000000e-030	1.000000e-030	
1.000000e-030	1.000000e-030	1.000000e-030	1.000000e-030	1.000000e-030	1.000000e-030	1.000000e-030	1.666667e-002	1.000000e-030	1.000000e-030	1.000000e-030	1.000000e-030	1.000000e-030	1.666667e-001	1.000000e-030	6.666666e-002	1.000000e-030	1.000000e-030	1.000000e-030	5.486270e-008	1.000000e-030	1.000000e-030	1.000000e-030	1.500000e-001	1.000000e-030	5.000000e-002	1.000000e-030	1.000000e-030	1.000000e-030	1.833333e-001	1.000000e-030	3.666666e-001	
