6.666672e-001	3.333328e-001	0.000000e+000	0.000000e+000	0.000000e+000	
0.000000e+000	8.881158e-001	1.118842e-001	0.000000e+000	0.000000e+000	
0.000000e+000	0.000000e+000	9.542932e-001	4.570681e-002	0.000000e+000	
0.000000e+000	0.000000e+000	0.000000e+000	8.583714e-001	1.416286e-001	
0.000000e+000	0.000000e+000	0.000000e+000	0.000000e+000	1.000000e+000	
1.000000e-030	1.000000e-030	1.000000e-030	1.000000e-030	1.000000e-030	1.000000e-030	1.000000e-030	1.000000e-030	1.000000e-030	1.000000e-030	1.000000e-030	1.000000e-030	1.000000e-030	1.000000e-030	1.000000e-030	3.333319e-001	1.000000e-030	1.000000e-030	1.000000e-030	1.000000e-030	1.000000e-030	1.000000e-030	1.000000e-030	2.470300e-006	1.000000e-030	3.333328e-001	1.000000e-030	1.000000e-030	1.000000e-030	1.000000e-030	1.000000e-030	3.333328e-001	
1.000000e-030	1.000000e-030	1.000000e-030	1.000000e-030	1.000000e-030	1.000000e-030	1.000000e-030	1.000000e-030	1.000000e-030	1.000000e-030	1.000000e-030	1.000000e-030	1.000000e-030	1.228426e-001	1.000000e-030	2.981397e-007	1.000000e-030	1.000000e-030	1.000000e-030	1.000000e-030	1.000000e-030	1.000000e-030	1.000000e-030	5.482202e-001	1.000000e-030	2.154787e-027	1.000000e-030	1.000000e-030	1.000000e-030	1.265553e-001	1.000000e-030	2.023816e-001	
1.000000e-030	1.000000e-030	1.000000e-030	1.000000e-030	1.000000e-030	1.000000e-030	1.000000e-030	1.000000e-030	1.000000e-030	1.000000e-030	1.000000e-030	1.000000e-030	1.000000e-030	1.781142e-001	1.000000e-030	1.000000e-030	1.000000e-030	1.000000e-030	1.000000e-030	2.929931e-023	1.000000e-030	1.000000e-030	1.000000e-030	2.324710e-001	1.000000e-030	4.570672e-002	1.000000e-030	1.000000e-030	1.000000e-030	2.250260e-001	1.000000e-030	3.186821e-001	
1.000000e-030	1.000000e-030	1.000000e-030	1.000000e-030	1.000000e-030	1.000000e-030	1.000000e-030	1.000000e-030	1.000000e-030	1.000000e-030	1.000000e-030	1.000000e-030	1.000000e-030	1.181512e-001	1.000000e-030	1.000000e-030	1.000000e-030	1.000000e-030	1.000000e-030	1.363678e-001	1.000000e-030	1.000000e-030	1.000000e-030	1.972181e-003	1.000000e-030	1.273221e-012	1.000000e-030	4.679343e-012	1.000000e-030	2.889363e-001	1.000000e-030	4.545725e-001	
1.000000e-030	1.000000e-030	6.881971e-002	1.000000e-030	1.000000e-030	1.000000e-030	1.000000e-030	3.440986e-002	1.032296e-001	1.000000e-030	1.000000e-030	1.000000e-030	1.000000e-030	8.896560e-002	1.000000e-030	1.204345e-001	1.000000e-030	1.000000e-030	1.000000e-030	1.784400e-002	3.440986e-002	1.720493e-002	1.000000e-030	1.032303e-001	1.000000e-030	1.720496e-002	1.000000e-030	8.602464e-002	1.000000e-030	1.360140e-001	1.000000e-030	1.722081e-001	
