5.003871e-001	4.996129e-001	0.000000e+000	0.000000e+000	0.000000e+000	
0.000000e+000	9.336879e-001	6.631208e-002	0.000000e+000	0.000000e+000	
0.000000e+000	0.000000e+000	8.741809e-001	1.258191e-001	0.000000e+000	
0.000000e+000	0.000000e+000	0.000000e+000	9.089658e-001	9.103421e-002	
0.000000e+000	0.000000e+000	0.000000e+000	0.000000e+000	1.000000e+000	
1.000000e-030	1.000000e-030	1.000000e-030	1.000000e-030	1.000000e-030	1.000000e-030	1.000000e-030	1.000000e-030	1.000000e-030	1.000000e-030	1.000000e-030	1.000000e-030	1.000000e-030	1.000000e-030	1.000000e-030	9.992258e-001	1.000000e-030	1.000000e-030	1.000000e-030	1.000000e-030	1.000000e-030	1.000000e-030	1.000000e-030	1.000000e-030	1.000000e-030	1.000000e-030	1.000000e-030	1.000000e-030	1.000000e-030	1.000000e-030	1.000000e-030	7.741795e-004	
1.000000e-030	1.000000e-030	1.000000e-030	1.000000e-030	1.000000e-030	1.000000e-030	1.000000e-030	1.000000e-030	1.000000e-030	1.000000e-030	1.000000e-030	1.000000e-030	1.000000e-030	1.000000e-030	1.000000e-030	1.581037e-014	1.000000e-030	1.000000e-030	1.000000e-030	1.000000e-030	1.000000e-030	1.000000e-030	1.000000e-030	1.000000e-030	1.000000e-030	3.219395e-001	1.000000e-030	1.000000e-030	1.000000e-030	6.631208e-002	1.000000e-030	6.117484e-001	
1.000000e-030	1.000000e-030	1.000000e-030	1.000000e-030	1.000000e-030	1.000000e-030	1.000000e-030	1.000000e-030	1.000000e-030	1.000000e-030	1.000000e-030	1.000000e-030	1.000000e-030	1.000000e-030	1.000000e-030	1.000000e-030	1.000000e-030	1.000000e-030	1.000000e-030	1.000000e-030	1.000000e-030	1.000000e-030	1.000000e-030	3.734224e-003	1.000000e-030	1.825439e-002	1.000000e-030	1.397609e-029	1.000000e-030	1.000000e-030	1.000000e-030	9.780114e-001	
1.000000e-030	1.000000e-030	1.325539e-003	1.000000e-030	1.000000e-030	1.000000e-030	1.000000e-030	1.000000e-030	1.820684e-001	1.000000e-030	1.000000e-030	1.000000e-030	1.000000e-030	1.000000e-030	1.000000e-030	1.000000e-030	3.641368e-001	1.000000e-030	1.000000e-030	1.000000e-030	1.000000e-030	1.000000e-030	1.000000e-030	8.833238e-002	1.820684e-001	1.000000e-030	1.000000e-030	1.820684e-001	1.000000e-030	1.000000e-030	1.000000e-030	1.148621e-011	
1.000000e-030	1.000000e-030	4.739888e-002	1.000000e-030	1.000000e-030	1.000000e-030	1.000000e-030	1.000000e-030	1.000000e-030	1.000000e-030	1.000000e-030	1.000000e-030	1.000000e-030	1.587669e-002	1.000000e-030	1.905202e-001	1.388358e-014	1.000000e-030	1.000000e-030	4.763006e-002	1.587669e-002	1.000000e-030	1.000000e-030	1.905202e-001	1.000000e-030	1.000000e-030	1.000000e-030	3.175337e-002	1.000000e-030	1.000000e-030	1.000000e-030	4.604239e-001	
