7.653488e-001	2.346512e-001	0.000000e+000	0.000000e+000	0.000000e+000	
0.000000e+000	8.210853e-001	1.789147e-001	0.000000e+000	0.000000e+000	
0.000000e+000	0.000000e+000	8.596326e-001	1.403674e-001	0.000000e+000	
0.000000e+000	0.000000e+000	0.000000e+000	9.198714e-001	8.012860e-002	
0.000000e+000	0.000000e+000	0.000000e+000	0.000000e+000	1.000000e+000	
1.000000e-030	1.000000e-030	3.623832e-004	2.108186e-009	2.004151e-002	2.290464e-003	1.000000e-030	5.635240e-018	1.000000e-030	2.065274e-022	1.000000e-030	3.510355e-001	4.882536e-005	1.000000e-030	1.000000e-030	1.000000e-030	1.000000e-030	1.000000e-030	1.000000e-030	3.435380e-002	2.346516e-001	1.065878e-001	1.000000e-030	4.115827e-007	1.000000e-030	7.579788e-011	1.000000e-030	1.000000e-030	2.506277e-001	1.000000e-030	1.000000e-030	1.000000e-030	
1.000000e-030	1.000000e-030	4.629528e-002	3.843409e-005	2.405619e-001	8.984749e-002	1.000000e-030	4.378658e-010	1.000000e-030	5.016918e-013	1.000000e-030	2.109162e-001	2.657708e-002	1.000000e-030	1.000000e-030	1.000000e-030	1.000000e-030	1.000000e-030	1.000000e-030	1.313480e-001	2.780762e-004	9.500630e-002	1.000000e-030	6.545596e-004	1.000000e-030	7.839198e-006	1.000000e-030	1.103171e-026	1.584689e-001	1.087826e-023	1.000000e-030	1.000000e-030	
1.000000e-030	1.000000e-030	8.924352e-002	1.424640e-002	9.845300e-002	6.523714e-002	1.000000e-030	4.638235e-006	1.611765e-022	1.503909e-008	1.000000e-030	4.311738e-001	1.880988e-001	1.000000e-030	1.000000e-030	1.000000e-030	1.000000e-030	1.000000e-030	1.000000e-030	2.773985e-002	2.883145e-002	2.066535e-003	1.000000e-030	3.614308e-002	1.000000e-030	5.195543e-003	1.000000e-030	4.352754e-018	1.356622e-002	5.056654e-016	1.000000e-030	1.000000e-030	
1.000000e-030	1.000000e-030	8.326499e-003	6.086819e-002	6.130084e-002	1.866855e-003	4.529454e-026	2.375588e-003	4.534505e-014	2.198134e-005	1.000000e-030	3.031884e-001	1.628554e-001	1.000000e-030	1.000000e-030	1.000000e-030	1.000000e-030	1.000000e-030	1.000000e-030	8.152890e-002	5.986892e-002	1.915956e-006	1.000000e-030	5.856952e-002	1.000000e-030	6.049383e-002	1.000000e-030	5.116164e-011	1.387332e-001	1.404553e-009	1.000000e-030	1.000000e-030	
1.000000e-030	2.875836e-002	4.313754e-002	7.388972e-002	8.776479e-002	1.437918e-002	7.189589e-002	7.146912e-002	1.006543e-001	7.189195e-002	1.000000e-030	6.752796e-003	3.564274e-002	1.000000e-030	1.000000e-030	1.000000e-030	1.000000e-030	1.000000e-030	1.000000e-030	1.280374e-001	8.693485e-002	3.383510e-017	1.000000e-030	1.136905e-004	1.000000e-030	1.736980e-002	1.000000e-030	4.313754e-002	1.037912e-001	1.437918e-002	1.000000e-030	1.000000e-030	
