7.500016e-001	2.499984e-001	0.000000e+000	0.000000e+000	0.000000e+000	
0.000000e+000	8.553652e-001	1.446348e-001	0.000000e+000	0.000000e+000	
0.000000e+000	0.000000e+000	8.825488e-001	1.174512e-001	0.000000e+000	
0.000000e+000	0.000000e+000	0.000000e+000	9.635328e-001	3.646716e-002	
0.000000e+000	0.000000e+000	0.000000e+000	0.000000e+000	1.000000e+000	
1.000000e-030	1.000000e-030	1.000000e-030	1.000000e-030	1.000000e-030	1.000000e-030	1.000000e-030	1.000000e-030	1.000000e-030	1.000000e-030	1.000000e-030	1.000000e-030	1.000000e-030	1.000000e-030	1.000000e-030	6.373424e-006	1.000000e-030	1.000000e-030	1.000000e-030	1.000000e-030	1.000000e-030	1.000000e-030	1.000000e-030	1.000000e-030	1.000000e-030	4.999968e-001	1.000000e-030	1.000000e-030	1.000000e-030	4.999968e-001	1.000000e-030	1.000000e-030	
1.000000e-030	1.000000e-030	1.000000e-030	1.321888e-001	1.000000e-030	1.000000e-030	1.000000e-030	1.446363e-001	1.000000e-030	1.000000e-030	1.000000e-030	1.000000e-030	1.000000e-030	1.446348e-001	1.000000e-030	4.339008e-001	1.000000e-030	1.000000e-030	1.000000e-030	1.000000e-030	1.000000e-030	1.000000e-030	1.000000e-030	1.446348e-001	1.000000e-030	4.531449e-006	1.000000e-030	1.000000e-030	1.000000e-030	1.444850e-008	1.000000e-030	1.000000e-030	
1.000000e-030	1.000000e-030	1.000000e-030	1.010684e-002	1.000000e-030	1.000000e-030	1.000000e-030	2.999283e-001	1.000000e-030	1.000000e-030	1.000000e-030	1.000000e-030	1.000000e-030	2.533007e-001	1.000000e-030	1.255283e-011	1.000000e-030	1.000000e-030	1.000000e-030	1.000000e-030	1.000000e-030	1.000000e-030	1.000000e-030	7.984977e-005	1.000000e-030	3.191332e-001	1.000000e-030	1.000000e-030	1.000000e-030	1.000000e-030	1.000000e-030	1.174512e-001	
1.000000e-030	1.000000e-030	1.000000e-030	1.000000e-030	1.000000e-030	1.000000e-030	6.410698e-003	2.349713e-001	2.443277e-030	1.000000e-030	1.000000e-030	1.000000e-030	1.000000e-030	1.751170e-001	1.000000e-030	7.293430e-002	1.000000e-030	1.000000e-030	1.000000e-030	2.182689e-001	1.000000e-030	1.000000e-030	1.000000e-030	1.093767e-001	1.000000e-030	1.197149e-001	1.000000e-030	1.000000e-030	1.000000e-030	6.320627e-002	1.000000e-030	2.298857e-027	
1.917549e-002	1.000000e-030	3.835098e-002	1.917549e-002	5.752648e-002	1.000000e-030	1.580456e-002	3.840813e-002	1.150530e-001	1.000000e-030	1.000000e-030	7.670197e-002	7.670197e-002	1.996755e-002	1.000000e-030	7.670198e-002	1.917549e-002	1.000000e-030	1.000000e-030	9.615830e-002	1.917549e-002	1.000000e-030	1.000000e-030	1.917550e-002	1.917549e-002	1.150530e-001	1.000000e-030	9.587746e-002	1.917549e-002	2.429078e-002	1.917549e-002	1.000000e-030	
