6.255946e-001	3.744054e-001	0.000000e+000	0.000000e+000	0.000000e+000	
0.000000e+000	9.347646e-001	6.523541e-002	0.000000e+000	0.000000e+000	
0.000000e+000	0.000000e+000	5.000000e-001	5.000000e-001	0.000000e+000	
0.000000e+000	0.000000e+000	0.000000e+000	9.085142e-001	9.148577e-002	
0.000000e+000	0.000000e+000	0.000000e+000	0.000000e+000	1.000000e+000	
1.000000e-030	1.000000e-030	1.000000e-030	1.000000e-030	6.111334e-001	1.000000e-030	1.000000e-030	1.000000e-030	1.000000e-030	1.000000e-030	1.000000e-030	3.888666e-001	1.000000e-030	1.000000e-030	1.000000e-030	1.000000e-030	1.000000e-030	1.000000e-030	1.000000e-030	1.000000e-030	1.000000e-030	1.000000e-030	1.000000e-030	1.000000e-030	1.000000e-030	1.000000e-030	1.000000e-030	1.000000e-030	1.000000e-030	1.000000e-030	1.000000e-030	1.000000e-030	
1.000000e-030	1.000000e-030	1.000000e-030	6.523541e-002	8.922394e-002	1.000000e-030	1.000000e-030	1.000000e-030	1.000000e-030	1.000000e-030	1.000000e-030	7.803052e-001	1.000000e-030	1.000000e-030	1.000000e-030	1.000000e-030	1.000000e-030	1.000000e-030	1.000000e-030	6.523541e-002	1.000000e-030	1.000000e-030	1.000000e-030	1.000000e-030	1.000000e-030	1.000000e-030	1.000000e-030	1.000000e-030	1.000000e-030	1.000000e-030	1.000000e-030	1.000000e-030	
1.000000e-030	3.452622e-015	1.000000e-030	1.000000e-030	1.000000e-030	1.000000e-030	1.000000e-030	1.000000e-030	1.000000e-030	1.000000e-030	1.000000e-030	1.000000e-030	5.000000e-001	1.000000e-030	1.000000e-030	1.000000e-030	1.000000e-030	1.000000e-030	1.000000e-030	1.000000e-030	5.000000e-001	1.000000e-030	1.000000e-030	1.000000e-030	1.000000e-030	1.000000e-030	1.000000e-030	1.000000e-030	1.000000e-030	1.000000e-030	1.000000e-030	1.000000e-030	
1.000000e-030	3.659431e-001	1.000000e-030	1.829345e-001	1.829660e-001	1.000000e-030	1.000000e-030	1.000000e-030	1.000000e-030	2.681564e-001	1.000000e-030	1.000000e-030	1.000000e-030	1.000000e-030	1.000000e-030	1.000000e-030	1.000000e-030	1.000000e-030	1.000000e-030	1.000000e-030	1.000000e-030	1.000000e-030	1.000000e-030	1.000000e-030	1.000000e-030	1.000000e-030	1.000000e-030	1.000000e-030	2.947326e-015	1.000000e-030	1.000000e-030	1.000000e-030	
1.000000e-030	1.000000e-030	1.469090e-002	1.469684e-002	2.938270e-002	1.469090e-002	1.000000e-030	1.469090e-002	1.000000e-030	1.570271e-002	1.000000e-030	8.814541e-002	4.407271e-002	1.469090e-002	1.000000e-030	1.000000e-030	1.028363e-001	1.000000e-030	1.000000e-030	1.615999e-001	1.322181e-001	8.814541e-002	1.000000e-030	1.000000e-030	1.469090e-002	2.938180e-002	1.000000e-030	5.876361e-002	1.028363e-001	5.876361e-002	1.000000e-030	1.000000e-030	
