8.613320e-001	1.386680e-001	0.000000e+000	0.000000e+000	0.000000e+000	
0.000000e+000	7.720148e-001	2.279852e-001	0.000000e+000	0.000000e+000	
0.000000e+000	0.000000e+000	9.278868e-001	7.211319e-002	0.000000e+000	
0.000000e+000	0.000000e+000	0.000000e+000	8.414816e-001	1.585184e-001	
0.000000e+000	0.000000e+000	0.000000e+000	0.000000e+000	1.000000e+000	
1.000000e-030	1.000000e-030	1.000000e-030	1.000000e-030	1.000000e-030	1.000000e-030	1.000000e-030	1.386680e-001	1.000000e-030	1.000000e-030	1.000000e-030	1.000000e-030	1.000000e-030	1.000000e-030	1.000000e-030	1.386680e-001	1.000000e-030	1.000000e-030	1.000000e-030	1.386680e-001	1.000000e-030	1.000000e-030	1.000000e-030	1.000000e-030	1.000000e-030	1.000000e-030	1.000000e-030	1.000000e-030	1.000000e-030	5.839960e-001	1.000000e-030	1.000000e-030	
1.000000e-030	1.000000e-030	1.000000e-030	1.000000e-030	1.000000e-030	1.000000e-030	1.000000e-030	1.000000e-030	1.000000e-030	1.000000e-030	1.000000e-030	1.000000e-030	1.000000e-030	1.000000e-030	1.000000e-030	1.000000e-030	1.000000e-030	1.000000e-030	1.000000e-030	1.000000e-030	1.000000e-030	1.000000e-030	1.000000e-030	1.000000e-030	1.000000e-030	4.500952e-001	1.000000e-030	1.000000e-030	1.000000e-030	3.297990e-001	1.000000e-030	2.201058e-001	
1.000000e-030	1.000000e-030	1.000000e-030	1.000000e-030	1.000000e-030	1.000000e-030	1.000000e-030	1.000000e-030	1.000000e-030	7.211319e-002	1.000000e-030	1.000000e-030	1.000000e-030	1.000000e-030	1.000000e-030	1.000000e-030	1.000000e-030	1.000000e-030	1.000000e-030	7.211319e-002	1.000000e-030	1.000000e-030	1.000000e-030	7.211319e-002	1.000000e-030	2.545124e-001	1.000000e-030	1.000000e-030	7.211319e-002	3.824294e-001	1.000000e-030	7.460549e-002	
1.000000e-030	1.000000e-030	1.000000e-030	1.000000e-030	1.000000e-030	1.000000e-030	1.000000e-030	1.000000e-030	1.000000e-030	1.000000e-030	1.000000e-030	1.000000e-030	1.000000e-030	1.000000e-030	1.000000e-030	1.585184e-001	1.000000e-030	1.000000e-030	1.000000e-030	2.769923e-001	1.495154e-001	1.000000e-030	1.000000e-030	1.000000e-030	1.000000e-030	2.372106e-001	1.000000e-030	1.000000e-030	1.585184e-001	1.924497e-002	1.000000e-030	1.000000e-030	
4.462508e-002	1.000000e-030	7.437513e-002	1.000000e-030	1.000000e-030	1.000000e-030	1.000000e-030	5.950010e-002	4.462508e-002	1.000000e-030	1.000000e-030	1.000000e-030	1.000000e-030	7.437513e-002	1.000000e-030	7.437513e-002	1.000000e-030	1.000000e-030	1.000000e-030	6.325779e-002	3.059487e-002	1.487503e-002	1.000000e-030	1.041252e-001	1.487503e-002	1.636253e-001	1.000000e-030	8.925015e-002	1.000000e-030	1.326460e-001	1.000000e-030	1.487503e-002	
