5.016520e-001	4.983480e-001	0.000000e+000	0.000000e+000	0.000000e+000	
0.000000e+000	8.447272e-001	1.552728e-001	0.000000e+000	0.000000e+000	
0.000000e+000	0.000000e+000	9.663881e-001	3.361195e-002	0.000000e+000	
0.000000e+000	0.000000e+000	0.000000e+000	7.929965e-001	2.070035e-001	
0.000000e+000	0.000000e+000	0.000000e+000	0.000000e+000	1.000000e+000	
1.000000e-030	1.000000e-030	1.000000e-030	1.000000e-030	1.000000e-030	1.000000e-030	1.000000e-030	1.000000e-030	1.000000e-030	1.000000e-030	1.000000e-030	1.000000e-030	1.000000e-030	1.000000e-030	1.000000e-030	1.000000e-030	1.000000e-030	1.000000e-030	1.000000e-030	1.000000e-030	1.000000e-030	1.000000e-030	1.000000e-030	3.306803e-003	1.000000e-030	1.000000e-030	1.000000e-030	1.000000e-030	1.000000e-030	4.983449e-001	1.000000e-030	4.983483e-001	
1.000000e-030	1.000000e-030	1.000000e-030	1.000000e-030	1.000000e-030	1.000000e-030	1.000000e-030	1.000000e-030	1.000000e-030	1.000000e-030	1.000000e-030	1.000000e-030	1.000000e-030	1.000000e-030	1.000000e-030	1.000000e-030	1.000000e-030	1.000000e-030	1.000000e-030	1.000000e-030	1.000000e-030	1.000000e-030	1.000000e-030	6.200610e-001	1.000000e-030	1.000000e-030	1.000000e-030	1.000000e-030	1.000000e-030	1.306304e-006	1.000000e-030	3.799377e-001	
1.000000e-030	1.000000e-030	1.000000e-030	1.000000e-030	1.000000e-030	1.000000e-030	1.000000e-030	1.000000e-030	1.000000e-030	1.000000e-030	1.000000e-030	1.000000e-030	1.000000e-030	1.000000e-030	1.000000e-030	1.000000e-030	1.000000e-030	1.000000e-030	1.000000e-030	1.000000e-030	1.000000e-030	1.000000e-030	1.000000e-030	3.647179e-011	1.000000e-030	3.361195e-002	1.000000e-030	1.000000e-030	1.000000e-030	1.074988e-001	1.000000e-030	8.588893e-001	
1.000000e-030	1.000000e-030	1.000000e-030	1.000000e-030	1.000000e-030	1.000000e-030	1.000000e-030	1.000000e-030	1.000000e-030	1.000000e-030	6.017704e-003	1.000000e-030	1.000000e-030	1.000000e-030	1.000000e-030	1.000000e-030	1.000000e-030	1.000000e-030	1.000000e-030	1.000000e-030	1.000000e-030	1.000000e-030	1.000000e-030	1.000000e-030	1.000000e-030	1.000000e-030	1.000000e-030	2.070035e-001	1.000000e-030	7.869788e-001	1.000000e-030	2.702118e-011	
5.359925e-002	1.000000e-030	3.573284e-002	1.000000e-030	1.000000e-030	1.000000e-030	3.573284e-002	1.786642e-002	8.933209e-002	1.000000e-030	3.521345e-002	1.786642e-002	1.000000e-030	1.000000e-030	1.000000e-030	1.000000e-030	1.000000e-030	1.000000e-030	1.000000e-030	5.359925e-002	1.000000e-030	1.000000e-030	1.000000e-030	7.146567e-002	1.000000e-030	1.000000e-030	1.000000e-030	3.748817e-015	1.000000e-030	5.359925e-002	1.000000e-030	5.359925e-001	
