8.750000e-001	1.250000e-001	0.000000e+000	0.000000e+000	0.000000e+000	
0.000000e+000	8.000000e-001	2.000000e-001	0.000000e+000	0.000000e+000	
0.000000e+000	0.000000e+000	6.743034e-001	3.256966e-001	0.000000e+000	
0.000000e+000	0.000000e+000	0.000000e+000	9.526970e-001	4.730300e-002	
0.000000e+000	0.000000e+000	0.000000e+000	0.000000e+000	1.000000e+000	
1.000000e-030	1.000000e-030	1.000000e-030	1.000000e-030	1.000000e-030	1.000000e-030	1.000000e-030	1.250000e-001	1.000000e-030	3.750000e-001	1.000000e-030	2.500000e-001	1.000000e-030	1.000000e-030	1.000000e-030	1.250000e-001	1.000000e-030	1.000000e-030	1.000000e-030	1.250000e-001	1.000000e-030	3.640779e-028	1.000000e-030	1.000000e-030	1.000000e-030	1.000000e-030	1.000000e-030	1.000000e-030	1.000000e-030	1.000000e-030	1.000000e-030	1.000000e-030	
1.000000e-030	1.000000e-030	1.000000e-030	2.000000e-001	1.000000e-030	1.000000e-030	1.000000e-030	1.000000e-030	1.000000e-030	1.000000e-030	1.000000e-030	1.000000e-030	1.000000e-030	1.000000e-030	1.000000e-030	1.000000e-030	1.000000e-030	1.000000e-030	1.000000e-030	2.000000e-001	1.372114e-025	4.000000e-001	1.000000e-030	1.000000e-030	1.000000e-030	1.000000e-030	1.000000e-030	1.000000e-030	2.000000e-001	1.000000e-030	1.000000e-030	1.000000e-030	
1.000000e-030	1.000000e-030	1.000000e-030	1.000000e-030	1.000000e-030	1.000000e-030	1.000000e-030	1.000000e-030	1.000000e-030	1.000000e-030	1.000000e-030	1.000000e-030	1.000000e-030	1.000000e-030	1.000000e-030	1.000000e-030	1.000000e-030	1.000000e-030	1.000000e-030	1.000000e-030	3.256966e-001	7.930725e-018	1.000000e-030	1.000000e-030	1.000000e-030	6.743034e-001	1.000000e-030	1.000000e-030	2.667007e-015	1.000000e-030	1.000000e-030	1.000000e-030	
1.000000e-030	1.000000e-030	1.000000e-030	1.000000e-030	1.000000e-030	1.000000e-030	1.000000e-030	1.296688e-023	1.000000e-030	1.000000e-030	1.000000e-030	9.460600e-002	1.000000e-030	4.730300e-002	1.000000e-030	1.000000e-030	1.000000e-030	1.000000e-030	1.000000e-030	3.753651e-001	1.000000e-030	1.000000e-030	1.000000e-030	1.000000e-030	1.000000e-030	2.935139e-001	1.000000e-030	1.000000e-030	1.419090e-001	4.730300e-002	1.000000e-030	1.000000e-030	
6.473608e-002	3.236804e-002	1.000000e-030	1.000000e-030	1.000000e-030	1.000000e-030	1.000000e-030	9.710411e-002	4.855206e-002	3.236804e-002	1.000000e-030	1.000000e-030	3.236804e-002	6.473608e-002	1.000000e-030	6.473608e-002	1.000000e-030	1.000000e-030	1.000000e-030	1.467027e-001	1.618402e-002	4.855206e-002	1.000000e-030	1.000000e-030	1.000000e-030	1.573844e-001	1.000000e-030	1.618402e-002	4.855206e-002	1.294722e-001	1.000000e-030	1.000000e-030	
