8.487021e-001	1.512979e-001	0.000000e+000	0.000000e+000	0.000000e+000	
0.000000e+000	7.600213e-001	2.399787e-001	0.000000e+000	0.000000e+000	
0.000000e+000	0.000000e+000	7.746200e-001	2.253800e-001	0.000000e+000	
0.000000e+000	0.000000e+000	0.000000e+000	9.532051e-001	4.679488e-002	
0.000000e+000	0.000000e+000	0.000000e+000	0.000000e+000	1.000000e+000	
1.000000e-030	1.000000e-030	1.000000e-030	1.000000e-030	1.000000e-030	1.000000e-030	1.000000e-030	2.942684e-001	1.000000e-030	1.000000e-030	1.000000e-030	5.510084e-001	1.000000e-030	1.000000e-030	1.000000e-030	1.000000e-030	1.000000e-030	1.000000e-030	1.000000e-030	1.512954e-001	1.000000e-030	1.000000e-030	1.000000e-030	3.427636e-003	1.000000e-030	1.000000e-030	1.000000e-030	1.968977e-007	1.000000e-030	1.425869e-022	1.000000e-030	1.000000e-030	
1.000000e-030	1.000000e-030	1.000000e-030	1.000000e-030	1.000000e-030	1.000000e-030	1.000000e-030	2.531536e-001	1.000000e-030	1.000000e-030	1.000000e-030	3.084364e-001	1.000000e-030	5.459526e-025	1.000000e-030	1.000000e-030	1.000000e-030	1.000000e-030	1.000000e-030	4.006055e-006	1.000000e-030	1.000000e-030	1.000000e-030	2.913630e-001	1.000000e-030	7.667142e-012	1.000000e-030	1.469207e-001	1.000000e-030	1.223009e-004	1.000000e-030	1.000000e-030	
1.000000e-030	1.000000e-030	1.000000e-030	1.000000e-030	1.000000e-030	1.000000e-030	1.000000e-030	3.144455e-005	1.000000e-030	1.000000e-030	1.000000e-030	1.642035e-002	1.000000e-030	2.734934e-004	1.000000e-030	3.638629e-020	1.000000e-030	1.000000e-030	1.000000e-030	1.000000e-030	1.000000e-030	1.000000e-030	1.000000e-030	6.789589e-001	1.000000e-030	2.860158e-002	1.000000e-030	8.739065e-002	1.000000e-030	1.882866e-001	1.000000e-030	3.700144e-005	
1.000000e-030	1.000000e-030	1.000000e-030	1.000000e-030	1.000000e-030	1.000000e-030	1.000000e-030	1.948502e-026	2.164581e-015	1.000000e-030	1.000000e-030	6.635743e-012	1.000000e-030	1.403279e-001	1.000000e-030	4.677026e-002	7.019898e-025	1.000000e-030	1.000000e-030	1.000000e-030	1.000000e-030	1.000000e-030	1.000000e-030	1.755144e-001	1.000000e-030	1.657303e-001	1.000000e-030	3.131491e-004	1.000000e-030	3.778275e-001	1.000000e-030	9.351653e-002	
3.204272e-002	1.000000e-030	4.806408e-002	1.000000e-030	1.000000e-030	1.000000e-030	3.204272e-002	1.121495e-001	6.408544e-002	1.000000e-030	1.602136e-002	8.010680e-002	4.806408e-002	4.981451e-013	1.000000e-030	1.602979e-002	1.602136e-002	1.000000e-030	1.000000e-030	1.602136e-002	1.602136e-002	3.204272e-002	1.000000e-030	1.441922e-001	1.000000e-030	5.337455e-002	1.000000e-030	1.440854e-001	1.000000e-030	1.296120e-001	1.000000e-030	2.244352e-005	
