8.573789e-001	1.426211e-001	0.000000e+000	0.000000e+000	0.000000e+000	
0.000000e+000	8.084619e-001	1.915381e-001	0.000000e+000	0.000000e+000	
0.000000e+000	0.000000e+000	9.149621e-001	8.503790e-002	0.000000e+000	
0.000000e+000	0.000000e+000	0.000000e+000	9.333691e-001	6.663087e-002	
0.000000e+000	0.000000e+000	0.000000e+000	0.000000e+000	1.000000e+000	
1.000000e-030	1.000000e-030	1.000000e-030	1.000000e-030	1.000000e-030	1.000000e-030	1.000000e-030	1.000000e-030	1.000000e-030	1.000000e-030	1.000000e-030	1.000000e-030	1.000000e-030	1.426211e-001	1.000000e-030	1.028879e-019	1.000000e-030	1.000000e-030	1.000000e-030	7.131037e-001	1.000000e-030	1.000000e-030	1.000000e-030	1.000000e-030	1.000000e-030	1.431275e-001	1.000000e-030	1.000000e-030	1.147653e-003	1.000000e-030	1.000000e-030	1.000000e-030	
1.000000e-030	1.000000e-030	1.000000e-030	1.000000e-030	1.000000e-030	1.000000e-030	1.000000e-030	1.000000e-030	1.000000e-030	1.898661e-001	1.000000e-030	1.000000e-030	4.653564e-002	1.000000e-030	1.000000e-030	1.915381e-001	1.000000e-030	1.000000e-030	1.000000e-030	2.498287e-006	3.489847e-015	1.000000e-030	1.000000e-030	1.000000e-030	1.000000e-030	1.908580e-001	1.000000e-030	1.000000e-030	3.811997e-001	1.000000e-030	1.000000e-030	1.000000e-030	
1.000000e-030	8.503790e-002	1.000000e-030	1.700758e-001	1.000000e-030	8.503790e-002	1.000000e-030	1.000000e-030	1.000000e-030	7.422939e-004	1.000000e-030	1.000000e-030	1.494152e-001	1.000000e-030	1.000000e-030	8.088086e-018	1.000000e-030	1.000000e-030	1.000000e-030	1.700758e-001	8.503790e-002	1.000000e-030	1.000000e-030	1.000000e-030	1.000000e-030	1.693897e-001	1.000000e-030	7.791975e-007	8.518669e-002	1.000000e-030	1.000000e-030	1.000000e-030	
1.000000e-030	1.000000e-030	1.998899e-001	1.000000e-030	1.000000e-030	1.000000e-030	2.773973e-006	1.000000e-030	5.330469e-001	1.000000e-030	6.663087e-002	1.000000e-030	1.000000e-030	1.000000e-030	1.000000e-030	1.000000e-030	1.000000e-030	1.000000e-030	1.000000e-030	6.370916e-011	1.000000e-030	1.000000e-030	1.000000e-030	1.000000e-030	6.663087e-002	5.375690e-004	1.000000e-030	1.332611e-001	1.000000e-030	1.000000e-030	1.000000e-030	1.000000e-030	
1.000000e-030	1.666667e-002	6.791948e-007	2.500000e-001	1.000000e-030	3.333333e-002	1.666597e-002	3.333333e-002	1.000000e-030	1.666667e-002	1.000000e-030	8.333333e-002	3.333333e-002	1.000000e-030	1.000000e-030	1.000000e-030	1.000000e-030	1.000000e-030	1.000000e-030	2.666667e-001	1.333333e-001	5.000000e-002	1.000000e-030	1.000000e-030	1.000000e-030	1.666667e-002	1.000000e-030	1.000000e-030	5.000000e-002	1.000000e-030	1.000000e-030	1.000000e-030	
