6.466385e-001	3.533615e-001	0.000000e+000	0.000000e+000	0.000000e+000	
0.000000e+000	9.065701e-001	9.342991e-002	0.000000e+000	0.000000e+000	
0.000000e+000	0.000000e+000	8.481015e-001	1.518985e-001	0.000000e+000	
0.000000e+000	0.000000e+000	0.000000e+000	9.470432e-001	5.295683e-002	
0.000000e+000	0.000000e+000	0.000000e+000	0.000000e+000	1.000000e+000	
1.000000e-030	1.000000e-030	1.000000e-030	1.000000e-030	1.000000e-030	1.000000e-030	1.000000e-030	1.000000e-030	1.000000e-030	1.000000e-030	1.000000e-030	1.000000e-030	1.000000e-030	1.000000e-030	1.000000e-030	1.000000e-030	1.000000e-030	1.000000e-030	1.000000e-030	5.930977e-005	1.000000e-030	9.999407e-001	1.000000e-030	1.000000e-030	1.000000e-030	1.000000e-030	1.000000e-030	1.000000e-030	1.000000e-030	1.000000e-030	1.000000e-030	1.000000e-030	
1.000000e-030	1.000000e-030	1.000000e-030	9.342991e-002	1.000000e-030	1.000000e-030	1.000000e-030	1.000000e-030	1.000000e-030	1.000000e-030	1.000000e-030	1.000000e-030	1.000000e-030	1.000000e-030	1.000000e-030	1.000000e-030	1.000000e-030	1.000000e-030	1.000000e-030	5.169486e-001	1.000000e-030	1.093318e-001	1.000000e-030	1.000000e-030	1.000000e-030	2.241519e-010	1.000000e-030	1.000000e-030	2.802897e-001	1.000000e-030	1.000000e-030	1.000000e-030	
1.000000e-030	1.000000e-030	1.000000e-030	1.000000e-030	1.000000e-030	1.000000e-030	1.000000e-030	1.769910e-002	1.000000e-030	1.000000e-030	1.000000e-030	1.223417e-013	1.000000e-030	1.000000e-030	1.000000e-030	1.000000e-030	1.000000e-030	1.000000e-030	1.000000e-030	2.228081e-001	1.000000e-030	5.904144e-007	1.000000e-030	1.000000e-030	1.518985e-001	3.037968e-001	1.000000e-030	1.000000e-030	1.000000e-030	1.518985e-001	1.518985e-001	1.000000e-030	
3.054898e-019	1.000000e-030	1.000000e-030	1.000000e-030	1.000000e-030	1.000000e-030	1.000000e-030	9.974317e-002	2.118180e-001	1.000000e-030	1.000000e-030	1.059137e-001	1.000000e-030	1.000000e-030	1.000000e-030	1.000000e-030	1.000000e-030	1.000000e-030	1.000000e-030	3.706978e-001	1.000000e-030	1.000000e-030	1.000000e-030	1.000000e-030	1.059137e-001	4.124066e-008	1.000000e-030	5.295683e-002	5.295683e-002	3.567670e-029	1.000000e-030	1.000000e-030	
4.999985e-002	3.333324e-002	1.000000e-030	1.666662e-002	1.000000e-030	1.666662e-002	1.000000e-030	1.000000e-030	2.947020e-006	1.666662e-002	1.000000e-030	1.166663e-001	1.666662e-002	3.333324e-002	1.000000e-030	1.000000e-030	1.666662e-002	1.000000e-030	1.000000e-030	2.833325e-001	1.666662e-002	8.333309e-002	1.000000e-030	3.333324e-002	1.000000e-030	1.166663e-001	1.000000e-030	1.666662e-002	8.333309e-002	4.999985e-002	1.000000e-030	1.000000e-030	
