9.000322e-001	9.996785e-002	0.000000e+000	0.000000e+000	0.000000e+000	
0.000000e+000	8.885659e-001	1.114341e-001	0.000000e+000	0.000000e+000	
0.000000e+000	0.000000e+000	7.450897e-001	2.549103e-001	0.000000e+000	
0.000000e+000	0.000000e+000	0.000000e+000	9.447494e-001	5.525059e-002	
0.000000e+000	0.000000e+000	0.000000e+000	0.000000e+000	1.000000e+000	
1.000000e-030	1.000000e-030	1.000000e-030	1.000000e-030	1.000000e-030	1.000000e-030	1.000000e-030	1.000000e-030	1.000000e-030	1.000000e-030	1.000000e-030	1.000000e-030	1.000000e-030	1.000000e-030	1.000000e-030	1.000000e-030	1.000000e-030	1.000000e-030	1.000000e-030	1.000000e-030	1.000000e-030	1.000000e-030	1.000000e-030	1.000000e-030	1.000000e-030	1.000000e-030	1.000000e-030	1.000000e-030	1.000000e-030	1.000000e-030	1.000000e-030	1.000000e+000	
1.000000e-030	1.000000e-030	1.000000e-030	1.000000e-030	1.000000e-030	1.000000e-030	1.000000e-030	1.000000e-030	1.000000e-030	1.000000e-030	1.000000e-030	1.000000e-030	1.000000e-030	1.000000e-030	1.000000e-030	1.000000e-030	1.000000e-030	1.000000e-030	1.000000e-030	1.000000e-030	1.000000e-030	1.000000e-030	1.000000e-030	2.322468e-015	1.000000e-030	1.000000e-030	1.000000e-030	1.000000e-030	1.000000e-030	3.417363e-005	1.000000e-030	9.999658e-001	
1.000000e-030	1.000000e-030	1.000000e-030	1.000000e-030	1.000000e-030	1.000000e-030	1.000000e-030	1.000000e-030	1.000000e-030	1.000000e-030	1.000000e-030	1.738890e-018	1.000000e-030	1.000000e-030	1.000000e-030	4.865039e-002	1.000000e-030	1.000000e-030	1.000000e-030	1.000000e-030	1.000000e-030	1.000000e-030	1.000000e-030	4.358779e-001	1.000000e-030	1.000000e-030	1.000000e-030	1.984034e-006	1.000000e-030	5.095611e-001	1.000000e-030	5.908588e-003	
1.000000e-030	1.105012e-001	1.000000e-030	5.525059e-002	1.000000e-030	1.000000e-030	5.525059e-002	1.000000e-030	1.000000e-030	1.000000e-030	1.000000e-030	1.105012e-001	5.525059e-002	1.000000e-030	1.105012e-001	4.470585e-002	1.657518e-001	1.000000e-030	1.000000e-030	1.000000e-030	1.000000e-030	1.000000e-030	1.000000e-030	1.817468e-001	1.000000e-030	1.000000e-030	1.000000e-030	1.105007e-001	1.000000e-030	3.930333e-005	1.000000e-030	2.945774e-007	
1.000000e-030	1.000000e-030	1.000000e-030	1.000000e-030	1.000000e-030	1.000000e-030	3.718485e-025	1.000000e-030	1.000000e-030	1.000000e-030	1.000000e-030	1.000000e-030	1.000000e-030	1.000000e-030	1.000000e-030	1.000000e-030	1.000000e-030	1.000000e-030	1.000000e-030	1.000000e-030	1.000000e-030	1.000000e-030	1.000000e-030	9.904284e-006	1.000000e-030	1.000000e-030	1.000000e-030	1.000000e-030	1.000000e-030	1.000000e-030	1.000000e-030	9.999901e-001	
