8.292448e-001	1.707552e-001	0.000000e+000	0.000000e+000	0.000000e+000	
0.000000e+000	7.834785e-001	2.165215e-001	0.000000e+000	0.000000e+000	
0.000000e+000	0.000000e+000	7.164115e-001	2.835885e-001	0.000000e+000	
0.000000e+000	0.000000e+000	0.000000e+000	9.602951e-001	3.970492e-002	
0.000000e+000	0.000000e+000	0.000000e+000	0.000000e+000	1.000000e+000	
1.000000e-030	1.000000e-030	1.000000e-030	1.000000e-030	1.000000e-030	1.000000e-030	1.000000e-030	3.230703e-001	1.000000e-030	1.019933e-001	1.000000e-030	1.000000e-030	1.000000e-030	1.000000e-030	1.000000e-030	1.000000e-030	1.000000e-030	1.000000e-030	1.000000e-030	2.334261e-001	1.000000e-030	1.707552e-001	1.000000e-030	1.103212e-022	1.000000e-030	1.000000e-030	1.000000e-030	1.000000e-030	1.707552e-001	1.000000e-030	1.000000e-030	1.000000e-030	
1.000000e-030	1.000000e-030	1.000000e-030	1.000000e-030	1.000000e-030	1.000000e-030	1.000000e-030	1.267903e-001	1.000000e-030	8.719170e-002	1.000000e-030	1.000000e-030	1.000000e-030	1.000000e-030	1.000000e-030	1.000000e-030	1.000000e-030	1.000000e-030	1.000000e-030	5.700963e-001	3.271449e-006	4.816710e-009	1.000000e-030	2.159185e-001	1.000000e-030	1.000000e-030	1.000000e-030	1.000000e-030	1.000000e-030	1.000000e-030	1.000000e-030	1.000000e-030	
1.000000e-030	1.000000e-030	1.000000e-030	1.000000e-030	1.000000e-030	1.000000e-030	1.000000e-030	1.481528e-001	1.000000e-030	1.000000e-030	1.000000e-030	2.654054e-001	1.000000e-030	1.000000e-030	1.000000e-030	8.043394e-002	1.000000e-030	1.658400e-021	1.000000e-030	8.810076e-006	2.835842e-001	1.000000e-030	1.000000e-030	7.897899e-004	1.000000e-030	1.000000e-030	1.000000e-030	1.000000e-030	1.000000e-030	2.216251e-001	1.000000e-030	1.000000e-030	
1.000000e-030	1.000000e-030	1.000000e-030	3.970492e-002	1.000000e-030	1.000000e-030	1.000000e-030	2.779341e-001	1.000000e-030	1.000000e-030	1.000000e-030	8.195564e-002	3.970492e-002	1.000000e-030	1.000000e-030	1.078533e-001	1.000000e-030	3.970492e-002	1.000000e-030	3.176381e-001	1.901560e-024	1.000000e-030	1.000000e-030	1.000000e-030	1.000000e-030	3.970492e-002	1.000000e-030	5.333642e-027	3.898496e-003	5.190067e-002	1.000000e-030	1.000000e-030	
1.000000e-030	1.000000e-030	1.170311e-001	1.671873e-002	1.000000e-030	1.000000e-030	6.687493e-002	1.003124e-001	8.359366e-002	1.671873e-002	1.000000e-030	8.359366e-002	1.000000e-030	1.671873e-002	1.000000e-030	1.562752e-010	1.000000e-030	1.000000e-030	1.000000e-030	1.839060e-001	5.015619e-002	3.343746e-002	1.000000e-030	1.671873e-002	1.000000e-030	5.015619e-002	1.000000e-030	1.671873e-002	6.523337e-002	8.211134e-002	1.000000e-030	1.000000e-030	
