9.241740e-001	7.582602e-002	0.000000e+000	0.000000e+000	0.000000e+000	
0.000000e+000	9.241724e-001	7.582757e-002	0.000000e+000	0.000000e+000	
0.000000e+000	0.000000e+000	8.540895e-001	1.459105e-001	0.000000e+000	
0.000000e+000	0.000000e+000	0.000000e+000	8.682234e-001	1.317766e-001	
0.000000e+000	0.000000e+000	0.000000e+000	0.000000e+000	1.000000e+000	
1.000000e-030	1.000000e-030	1.000000e-030	1.000000e-030	1.000000e-030	1.000000e-030	1.000000e-030	1.000000e-030	1.000000e-030	1.000000e-030	1.000000e-030	1.000000e-030	1.000000e-030	1.000000e-030	1.000000e-030	1.000000e-030	1.000000e-030	1.000000e-030	1.000000e-030	1.000000e-030	1.000000e-030	1.000000e-030	1.000000e-030	1.000000e-030	1.000000e-030	1.000000e-030	1.000000e-030	1.000000e-030	1.000000e-030	1.000000e-030	1.000000e-030	1.000000e+000	
1.000000e-030	1.000000e-030	1.000000e-030	1.000000e-030	1.000000e-030	1.000000e-030	1.000000e-030	1.000000e-030	1.000000e-030	1.000000e-030	1.000000e-030	1.000000e-030	1.000000e-030	1.000000e-030	1.000000e-030	1.000000e-030	1.000000e-030	1.000000e-030	1.000000e-030	1.000000e-030	1.000000e-030	1.000000e-030	1.000000e-030	6.476968e-017	1.000000e-030	1.000000e-030	1.000000e-030	1.000000e-030	1.000000e-030	1.000000e-030	1.000000e-030	1.000000e+000	
1.000000e-030	1.000000e-030	1.000000e-030	1.000000e-030	1.000000e-030	1.000000e-030	1.000000e-030	1.000000e-030	1.000000e-030	1.000000e-030	1.000000e-030	1.000000e-030	1.000000e-030	1.000000e-030	1.000000e-030	1.000000e-030	1.000000e-030	1.000000e-030	1.000000e-030	1.000000e-030	1.000000e-030	1.000000e-030	1.000000e-030	1.793856e-001	1.000000e-030	1.000000e-030	1.000000e-030	1.000000e-030	1.000000e-030	1.000000e-030	1.000000e-030	8.206144e-001	
1.000000e-030	1.000000e-030	1.000000e-030	1.000000e-030	1.000000e-030	1.000000e-030	1.000000e-030	1.317699e-001	1.000000e-030	1.000000e-030	1.000000e-030	1.000000e-030	1.000000e-030	1.000000e-030	1.000000e-030	1.000000e-030	1.000000e-030	1.000000e-030	1.000000e-030	1.000000e-030	1.000000e-030	1.000000e-030	1.000000e-030	8.672958e-001	1.000000e-030	1.000000e-030	1.000000e-030	9.342800e-004	1.000000e-030	1.000000e-030	1.000000e-030	2.666113e-012	
6.874981e-002	1.718745e-002	1.718745e-002	1.000000e-030	1.000000e-030	1.000000e-030	1.000000e-030	5.156322e-002	5.156236e-002	1.000000e-030	1.718745e-002	1.000000e-030	1.718745e-002	1.000000e-030	1.000000e-030	1.718745e-002	1.000000e-030	1.000000e-030	1.000000e-030	3.437490e-002	1.000000e-030	1.000000e-030	1.000000e-030	1.235608e-001	1.000000e-030	1.000000e-030	1.000000e-030	1.706560e-002	1.000000e-030	3.437490e-002	1.000000e-030	5.328111e-001	
