8.888889e-001	1.111111e-001	0.000000e+000	0.000000e+000	0.000000e+000	
0.000000e+000	7.500047e-001	2.499953e-001	0.000000e+000	0.000000e+000	
0.000000e+000	0.000000e+000	9.374997e-001	6.250029e-002	0.000000e+000	
0.000000e+000	0.000000e+000	0.000000e+000	8.888909e-001	1.111091e-001	
0.000000e+000	0.000000e+000	0.000000e+000	0.000000e+000	1.000000e+000	
1.000000e-030	1.000000e-030	1.000000e-030	1.000000e-030	1.000000e-030	1.000000e-030	1.000000e-030	1.000000e-030	1.000000e-030	1.000000e-030	1.000000e-030	1.000000e-030	1.000000e-030	3.285255e-010	1.000000e-030	1.000000e-030	1.000000e-030	1.000000e-030	1.000000e-030	1.000000e-030	1.000000e-030	1.000000e-030	1.000000e-030	1.000000e-030	1.000000e-030	8.888889e-001	1.000000e-030	1.000000e-030	1.111111e-001	1.000000e-030	1.000000e-030	1.000000e-030	
1.000000e-030	1.000000e-030	1.000000e-030	1.000000e-030	1.000000e-030	1.000000e-030	1.000000e-030	1.000000e-030	1.000000e-030	1.000000e-030	1.000000e-030	1.000000e-030	1.000000e-030	2.499953e-001	1.000000e-030	1.000000e-030	1.000000e-030	1.000000e-030	1.000000e-030	1.000000e-030	1.000000e-030	1.000000e-030	1.000000e-030	2.499953e-001	1.000000e-030	2.288135e-016	1.000000e-030	1.882401e-005	1.000000e-030	2.499953e-001	1.000000e-030	2.499953e-001	
1.000000e-030	1.000000e-030	1.000000e-030	1.000000e-030	1.000000e-030	1.000000e-030	1.000000e-030	1.000000e-030	4.970577e-029	1.000000e-030	1.000000e-030	1.000000e-030	1.000000e-030	1.000000e-030	1.000000e-030	6.250029e-002	1.000000e-030	1.000000e-030	1.000000e-030	1.000000e-030	1.000000e-030	6.250029e-002	1.000000e-030	1.000000e-030	1.000000e-030	4.375021e-001	1.000000e-030	3.124968e-001	1.000000e-030	1.250006e-001	1.000000e-030	2.026689e-014	
1.111091e-001	1.000000e-030	1.111091e-001	1.000000e-030	1.000000e-030	1.000000e-030	1.000000e-030	1.000000e-030	4.444365e-001	1.000000e-030	1.000000e-030	1.000000e-030	1.000000e-030	1.000000e-030	1.000000e-030	1.000000e-030	3.333274e-001	1.000000e-030	1.000000e-030	1.788933e-005	1.000000e-030	1.000000e-030	1.000000e-030	1.000000e-030	1.000000e-030	1.000000e-030	1.000000e-030	4.383204e-011	1.000000e-030	1.000000e-030	1.000000e-030	1.000000e-030	
1.000000e-030	1.000000e-030	3.051213e-019	1.000000e-030	1.000000e-030	1.000000e-030	1.000000e-030	6.557394e-002	1.000000e-030	1.000000e-030	1.000000e-030	1.639349e-002	1.000000e-030	4.918046e-002	1.000000e-030	1.311479e-001	1.000000e-030	1.000000e-030	1.000000e-030	6.557130e-002	1.639349e-002	1.639349e-002	1.000000e-030	3.278697e-001	1.000000e-030	1.147544e-001	1.000000e-030	1.000000e-030	1.639349e-002	1.639349e-001	1.000000e-030	1.639349e-002	
