6.666749e-001	3.333251e-001	0.000000e+000	0.000000e+000	0.000000e+000	
0.000000e+000	8.963448e-001	1.036552e-001	0.000000e+000	0.000000e+000	
0.000000e+000	0.000000e+000	9.034045e-001	9.659555e-002	0.000000e+000	
0.000000e+000	0.000000e+000	0.000000e+000	8.877137e-001	1.122863e-001	
0.000000e+000	0.000000e+000	0.000000e+000	0.000000e+000	1.000000e+000	
1.000000e-030	1.000000e-030	1.000000e-030	1.000000e-030	1.000000e-030	1.000000e-030	1.000000e-030	1.000000e-030	1.000000e-030	1.000000e-030	1.000000e-030	1.000000e-030	1.000000e-030	1.000000e-030	1.000000e-030	1.000000e-030	1.000000e-030	1.000000e-030	1.000000e-030	1.000000e-030	1.000000e-030	1.000000e-030	1.000000e-030	1.000000e-030	1.000000e-030	1.000000e-030	1.000000e-030	1.000000e-030	1.000000e-030	9.999751e-001	1.000000e-030	2.490150e-005	
1.000000e-030	1.000000e-030	1.000000e-030	1.000000e-030	1.000000e-030	1.000000e-030	1.000000e-030	1.000000e-030	1.000000e-030	1.000000e-030	1.000000e-030	1.000000e-030	1.000000e-030	3.574033e-002	1.000000e-030	1.000000e-030	1.000000e-030	1.000000e-030	1.000000e-030	1.000000e-030	1.000000e-030	1.000000e-030	1.000000e-030	8.909870e-008	1.000000e-030	1.000000e-030	1.000000e-030	1.000000e-030	1.000000e-030	4.652002e-008	1.000000e-030	9.642595e-001	
1.000000e-030	1.000000e-030	1.000000e-030	1.000000e-030	1.000000e-030	1.000000e-030	1.000000e-030	1.000000e-030	1.000000e-030	1.000000e-030	1.000000e-030	1.000000e-030	1.000000e-030	6.328939e-002	1.000000e-030	1.000000e-030	1.000000e-030	1.000000e-030	1.000000e-030	1.000000e-030	1.000000e-030	1.000000e-030	1.000000e-030	9.659546e-002	1.000000e-030	1.000000e-030	1.000000e-030	1.000000e-030	1.000000e-030	1.638951e-007	1.000000e-030	8.401150e-001	
3.178757e-005	1.000000e-030	1.000000e-030	1.000000e-030	1.000000e-030	1.000000e-030	1.000000e-030	1.000000e-030	2.139516e-001	1.000000e-030	1.122863e-001	1.000000e-030	1.000000e-030	1.000000e-030	1.000000e-030	1.000000e-030	1.000000e-030	1.000000e-030	1.000000e-030	1.000000e-030	1.000000e-030	1.000000e-030	1.000000e-030	1.000000e-030	1.122863e-001	2.245725e-001	1.000000e-030	1.000000e-030	1.000000e-030	3.368586e-001	1.000000e-030	1.294396e-005	
5.961336e-002	1.490439e-002	1.000000e-030	2.980879e-002	1.000000e-030	1.000000e-030	1.000000e-030	1.490439e-002	1.631418e-002	1.000000e-030	1.000000e-030	1.000000e-030	1.490439e-002	2.980879e-002	1.000000e-030	1.000000e-030	1.000000e-030	1.000000e-030	1.000000e-030	1.000000e-030	1.000000e-030	1.000000e-030	1.000000e-030	2.235659e-001	5.350197e-013	4.471318e-002	1.000000e-030	1.000000e-030	2.980879e-002	1.639483e-001	1.000000e-030	3.577055e-001	
