7.581716e-001	2.418284e-001	0.000000e+000	0.000000e+000	0.000000e+000	
0.000000e+000	8.845481e-001	1.154519e-001	0.000000e+000	0.000000e+000	
0.000000e+000	0.000000e+000	8.913498e-001	1.086502e-001	0.000000e+000	
0.000000e+000	0.000000e+000	0.000000e+000	9.105460e-001	8.945398e-002	
0.000000e+000	0.000000e+000	0.000000e+000	0.000000e+000	1.000000e+000	
1.000000e-030	2.416778e-001	1.000000e-030	1.000000e-030	1.697592e-001	1.000000e-030	1.000000e-030	1.000000e-030	1.000000e-030	8.149580e-002	1.000000e-030	1.000000e-030	1.594381e-002	1.000000e-030	1.000000e-030	1.000000e-030	1.000000e-030	1.000000e-030	1.000000e-030	2.492949e-001	8.736333e-010	1.000000e-030	1.000000e-030	1.000000e-030	1.000000e-030	1.000000e-030	1.000000e-030	1.000000e-030	2.418284e-001	1.000000e-030	1.000000e-030	1.000000e-030	
1.000000e-030	7.190354e-005	1.000000e-030	2.097603e-001	1.498891e-001	5.746082e-005	1.000000e-030	1.000000e-030	1.000000e-030	7.654482e-002	1.000000e-030	1.152067e-001	2.212426e-001	1.000000e-030	1.000000e-030	1.000000e-030	1.000000e-030	1.000000e-030	1.000000e-030	1.118874e-001	1.153397e-001	1.000000e-030	1.000000e-030	1.000000e-030	1.000000e-030	1.000000e-030	1.000000e-030	1.000000e-030	8.530077e-022	1.000000e-030	1.000000e-030	1.000000e-030	
1.000000e-030	1.000000e-030	1.000000e-030	2.369843e-001	2.172717e-001	1.085961e-001	1.000000e-030	1.000000e-030	1.000000e-030	1.000000e-030	1.000000e-030	2.307496e-004	1.928782e-003	1.000000e-030	7.120519e-014	1.000000e-030	1.000000e-030	1.000000e-030	1.000000e-030	4.779886e-009	2.174060e-001	1.000000e-030	1.000000e-030	1.000000e-030	1.000000e-030	1.000000e-030	1.000000e-030	1.000000e-030	2.173003e-001	2.820697e-004	1.000000e-030	1.000000e-030	
2.683619e-001	1.603037e-002	3.175698e-005	1.760880e-004	7.723631e-013	1.000000e-030	8.036295e-008	1.000000e-030	2.683619e-001	1.000000e-030	1.000000e-030	2.431649e-027	1.000000e-030	1.000000e-030	8.945410e-002	1.000000e-030	8.945398e-002	1.000000e-030	1.000000e-030	8.945405e-002	1.000000e-030	1.000000e-030	1.000000e-030	1.000000e-030	1.000000e-030	1.000000e-030	1.000000e-030	1.000000e-030	1.000000e-030	1.786757e-001	1.000000e-030	1.000000e-030	
4.780387e-009	5.804880e-002	3.038030e-002	9.115709e-002	3.190498e-001	6.077140e-002	1.519284e-002	1.000000e-030	1.519285e-002	1.000000e-030	1.000000e-030	1.975070e-001	7.596424e-002	1.000000e-030	3.038568e-002	1.000000e-030	1.000000e-030	1.000000e-030	1.000000e-030	4.557854e-002	1.519285e-002	3.038570e-002	1.000000e-030	1.000000e-030	1.000000e-030	1.000000e-030	1.000000e-030	1.000000e-030	1.519285e-002	1.000000e-030	1.000000e-030	1.000000e-030	
