7.423362e-001	2.576638e-001	0.000000e+000	0.000000e+000	0.000000e+000	
0.000000e+000	9.174810e-001	8.251895e-002	0.000000e+000	0.000000e+000	
0.000000e+000	0.000000e+000	7.999650e-001	2.000350e-001	0.000000e+000	
0.000000e+000	0.000000e+000	0.000000e+000	9.443544e-001	5.564560e-002	
0.000000e+000	0.000000e+000	0.000000e+000	0.000000e+000	1.000000e+000	
1.000000e-030	1.000000e-030	1.000000e-030	4.444141e-007	1.000000e-030	1.000000e-030	1.000000e-030	1.000000e-030	1.000000e-030	1.000000e-030	1.000000e-030	1.000000e-030	1.000000e-030	2.576096e-001	1.000000e-030	1.000000e-030	1.000000e-030	1.000000e-030	1.000000e-030	1.000000e-030	1.000000e-030	4.847261e-001	1.000000e-030	1.000000e-030	1.000000e-030	2.576638e-001	1.000000e-030	1.000000e-030	1.000000e-030	1.000000e-030	1.000000e-030	1.000000e-030	
1.000000e-030	1.000000e-030	1.000000e-030	8.251881e-002	1.000000e-030	1.000000e-030	1.000000e-030	1.000000e-030	1.000000e-030	1.000000e-030	1.000000e-030	1.000000e-030	1.000000e-030	1.734301e-005	1.000000e-030	1.000000e-030	1.000000e-030	1.000000e-030	1.000000e-030	6.023422e-012	1.000000e-030	6.699070e-001	1.000000e-030	1.000000e-030	1.000000e-030	1.000000e-030	1.000000e-030	1.000000e-030	1.000000e-030	2.475569e-001	1.000000e-030	1.000000e-030	
1.000000e-030	1.000000e-030	1.000000e-030	1.000000e-030	1.000000e-030	1.000000e-030	1.000000e-030	1.000000e-030	1.000000e-030	1.407047e-006	1.000000e-030	1.000000e-030	1.000000e-030	1.000000e-030	1.000000e-030	1.000000e-030	1.000000e-030	1.000000e-030	1.000000e-030	8.001402e-001	1.997493e-001	1.090681e-004	1.000000e-030	1.000000e-030	1.000000e-030	1.000000e-030	1.000000e-030	1.000000e-030	1.000000e-030	1.000000e-030	1.000000e-030	1.000000e-030	
1.000000e-030	1.000000e-030	1.000000e-030	5.564560e-002	1.000000e-030	1.000000e-030	1.000000e-030	2.119148e-001	1.000000e-030	2.823063e-001	1.000000e-030	1.000000e-030	5.564560e-002	1.000000e-030	1.000000e-030	1.669368e-001	1.000000e-030	1.669368e-001	1.000000e-030	8.902164e-021	7.947624e-005	5.564560e-002	1.000000e-030	1.000000e-030	1.000000e-030	1.000000e-030	1.000000e-030	1.000000e-030	4.888987e-003	1.000000e-030	1.000000e-030	1.000000e-030	
1.000000e-030	1.000000e-030	3.331637e-002	1.665819e-002	1.000000e-030	1.000000e-030	1.000000e-030	5.316801e-002	1.332655e-001	4.875353e-002	1.000000e-030	4.997456e-002	1.000000e-030	1.000000e-030	1.000000e-030	1.000000e-030	1.000000e-030	1.000000e-030	1.000000e-030	2.165564e-001	8.329093e-002	1.076881e-012	1.000000e-030	1.000000e-030	1.000000e-030	3.331637e-002	1.000000e-030	6.663274e-002	1.984347e-001	6.663274e-002	1.000000e-030	1.000000e-030	
