6.899780e-001	3.100220e-001	0.000000e+000	0.000000e+000	0.000000e+000	
0.000000e+000	8.712142e-001	1.287858e-001	0.000000e+000	0.000000e+000	
0.000000e+000	0.000000e+000	8.573091e-001	1.426909e-001	0.000000e+000	
0.000000e+000	0.000000e+000	0.000000e+000	9.273198e-001	7.268019e-002	
0.000000e+000	0.000000e+000	0.000000e+000	0.000000e+000	1.000000e+000	
1.000000e-030	1.000000e-030	1.000000e-030	1.000000e-030	1.000000e-030	1.000000e-030	1.000000e-030	3.100220e-001	1.000000e-030	1.000000e-030	1.000000e-030	1.000000e-030	1.000000e-030	1.490025e-005	1.000000e-030	1.000000e-030	1.000000e-030	1.000000e-030	1.000000e-030	3.507123e-003	1.000000e-030	1.000000e-030	1.000000e-030	1.797987e-016	1.000000e-030	3.764339e-001	1.000000e-030	1.000000e-030	1.000000e-030	3.100220e-001	1.000000e-030	1.000000e-030	
1.000000e-030	1.000000e-030	1.000000e-030	1.000000e-030	1.000000e-030	1.000000e-030	1.000000e-030	3.944542e-011	1.000000e-030	1.000000e-030	1.000000e-030	1.000000e-030	1.000000e-030	1.287796e-001	1.000000e-030	1.287858e-001	1.000000e-030	1.000000e-030	1.000000e-030	2.548267e-001	1.000000e-030	1.000000e-030	1.000000e-030	1.287858e-001	2.775370e-023	2.299835e-001	1.000000e-030	5.280126e-005	1.287858e-001	1.000000e-030	1.000000e-030	1.000000e-030	
1.000000e-030	1.000000e-030	1.000000e-030	1.000000e-030	1.000000e-030	1.000000e-030	1.000000e-030	1.000000e-030	2.851763e-001	1.000000e-030	1.000000e-030	1.000000e-030	1.000000e-030	1.000000e-030	1.000000e-030	7.565160e-011	3.524430e-007	1.000000e-030	1.000000e-030	1.427106e-003	1.000000e-030	1.000000e-030	1.000000e-030	1.000000e-030	4.280728e-001	1.000000e-030	1.000000e-030	2.853234e-001	1.000000e-030	1.000000e-030	1.000000e-030	1.000000e-030	
1.000000e-030	1.000000e-030	2.180406e-001	1.000000e-030	1.000000e-030	1.000000e-030	1.000000e-030	1.000000e-030	1.046909e-004	1.000000e-030	1.000000e-030	7.257544e-002	1.000000e-030	1.000000e-030	1.000000e-030	4.537211e-007	4.360810e-001	1.000000e-030	1.000000e-030	1.000000e-030	2.731979e-001	1.000000e-030	1.000000e-030	1.000000e-030	1.437774e-027	1.000000e-030	1.000000e-030	1.000000e-030	1.000000e-030	1.000000e-030	1.000000e-030	1.000000e-030	
1.000000e-030	1.000000e-030	4.810678e-024	1.487154e-002	1.000000e-030	1.000000e-030	1.000000e-030	2.974308e-002	1.000000e-030	1.000000e-030	1.000000e-030	8.925068e-002	1.000000e-030	1.487154e-002	1.000000e-030	8.922915e-002	1.000000e-030	1.000000e-030	1.000000e-030	2.974308e-001	4.820008e-002	2.974308e-002	1.000000e-030	4.461462e-002	1.000000e-030	7.435770e-002	1.000000e-030	1.000000e-030	1.933300e-001	7.435770e-002	1.000000e-030	1.000000e-030	
