6.849134e-001	3.150866e-001	0.000000e+000	0.000000e+000	0.000000e+000	
0.000000e+000	9.288298e-001	7.117022e-002	0.000000e+000	0.000000e+000	
0.000000e+000	0.000000e+000	8.524083e-001	1.475917e-001	0.000000e+000	
0.000000e+000	0.000000e+000	0.000000e+000	9.230858e-001	7.691418e-002	
0.000000e+000	0.000000e+000	0.000000e+000	0.000000e+000	1.000000e+000	
1.000000e-030	1.000000e-030	1.000000e-030	1.000000e-030	1.000000e-030	1.000000e-030	1.000000e-030	1.000000e-030	1.000000e-030	1.000000e-030	1.000000e-030	1.000000e-030	1.000000e-030	3.150866e-001	1.000000e-030	1.000000e-030	1.000000e-030	1.000000e-030	1.000000e-030	1.000000e-030	1.000000e-030	1.000000e-030	1.000000e-030	1.000000e-030	1.000000e-030	1.000000e-030	1.000000e-030	1.000000e-030	1.000000e-030	2.339873e-001	1.000000e-030	4.509262e-001	
1.000000e-030	1.000000e-030	1.000000e-030	1.000000e-030	1.000000e-030	1.000000e-030	1.000000e-030	1.000000e-030	1.000000e-030	1.000000e-030	1.000000e-030	1.000000e-030	1.000000e-030	2.182997e-017	1.000000e-030	1.000000e-030	1.000000e-030	1.000000e-030	1.000000e-030	1.000000e-030	1.000000e-030	1.000000e-030	1.000000e-030	1.508876e-009	1.000000e-030	1.000000e-030	1.000000e-030	1.000000e-030	1.000000e-030	9.482063e-002	1.000000e-030	9.051794e-001	
1.000000e-030	1.000000e-030	1.000000e-030	1.000000e-030	1.000000e-030	1.000000e-030	1.000000e-030	1.000000e-030	1.000000e-030	1.000000e-030	1.000000e-030	1.000000e-030	1.000000e-030	1.000000e-030	1.000000e-030	1.000000e-030	1.000000e-030	1.000000e-030	1.000000e-030	1.000000e-030	1.000000e-030	1.000000e-030	1.000000e-030	1.475917e-001	1.000000e-030	1.000000e-030	1.000000e-030	7.108085e-008	1.000000e-030	4.317175e-001	1.000000e-030	4.206907e-001	
3.076567e-001	1.000000e-030	7.691418e-002	1.000000e-030	1.000000e-030	1.000000e-030	1.000000e-030	1.000000e-030	1.538284e-001	1.000000e-030	1.000000e-030	7.691418e-002	1.000000e-030	1.000000e-030	1.000000e-030	1.000000e-030	1.000000e-030	1.000000e-030	1.000000e-030	1.000000e-030	1.158264e-004	1.000000e-030	1.000000e-030	1.000000e-030	1.000000e-030	1.000000e-030	1.000000e-030	3.076567e-001	7.691411e-002	5.655501e-010	1.000000e-030	1.000000e-030	
1.000000e-030	1.000000e-030	1.000000e-030	1.000000e-030	1.000000e-030	1.000000e-030	1.000000e-030	1.000000e-030	1.000000e-030	1.000000e-030	1.000000e-030	1.000000e-030	1.000000e-030	4.838827e-002	1.000000e-030	8.064712e-002	1.000000e-030	1.000000e-030	1.000000e-030	4.838827e-002	4.836398e-002	1.000000e-030	1.000000e-030	4.838827e-002	1.000000e-030	1.000000e-030	1.000000e-030	1.000000e-030	1.424923e-008	1.935531e-001	1.000000e-030	5.322710e-001	
