6.355864e-001	3.644136e-001	0.000000e+000	0.000000e+000	0.000000e+000	
0.000000e+000	6.802093e-001	3.197907e-001	0.000000e+000	0.000000e+000	
0.000000e+000	0.000000e+000	9.330380e-001	6.696195e-002	0.000000e+000	
0.000000e+000	0.000000e+000	0.000000e+000	9.687505e-001	3.124947e-002	
0.000000e+000	0.000000e+000	0.000000e+000	0.000000e+000	1.000000e+000	
1.000000e-030	1.000000e-030	1.000000e-030	1.000000e-030	1.000000e-030	1.000000e-030	1.000000e-030	4.839955e-015	1.000000e-030	1.000000e-030	1.000000e-030	1.000000e-030	1.000000e-030	1.000000e-030	1.000000e-030	1.000000e-030	1.000000e-030	1.000000e-030	1.000000e-030	3.644136e-001	1.000000e-030	3.644136e-001	1.000000e-030	3.562504e-003	1.000000e-030	2.676104e-001	1.000000e-030	1.000000e-030	1.000000e-030	1.000000e-030	1.000000e-030	1.000000e-030	
1.000000e-030	1.000000e-030	1.000000e-030	1.000000e-030	1.000000e-030	1.000000e-030	1.000000e-030	2.681590e-001	1.000000e-030	1.000000e-030	1.000000e-030	1.000000e-030	1.000000e-030	1.568258e-013	1.000000e-030	1.452604e-002	1.000000e-030	1.000000e-030	1.000000e-030	3.665242e-009	1.000000e-030	1.000000e-030	1.000000e-030	3.166645e-001	1.000000e-030	8.799745e-002	1.000000e-030	1.000000e-030	3.126531e-001	1.000000e-030	1.000000e-030	1.000000e-030	
1.000000e-030	1.000000e-030	1.000000e-030	1.000000e-030	1.000000e-030	1.000000e-030	1.000000e-030	1.454531e-001	1.000000e-030	1.000000e-030	1.000000e-030	1.000000e-030	1.000000e-030	2.035743e-001	1.000000e-030	1.308823e-001	1.000000e-030	1.000000e-030	1.000000e-030	6.717284e-002	1.000000e-030	3.231282e-016	1.000000e-030	5.784811e-027	1.000000e-030	2.479117e-001	1.000000e-030	1.000000e-030	2.023804e-001	2.625362e-003	1.000000e-030	1.000000e-030	
1.000000e-030	1.000000e-030	1.000000e-030	3.124947e-002	1.000000e-030	1.000000e-030	3.075734e-002	9.319246e-002	1.000000e-030	1.000000e-030	1.000000e-030	1.000000e-030	1.000000e-030	3.391229e-001	1.000000e-030	3.124947e-002	1.000000e-030	1.000000e-030	1.000000e-030	1.561489e-001	1.000000e-030	6.249823e-002	1.000000e-030	1.000000e-030	1.000000e-030	1.027313e-001	1.000000e-030	5.050015e-024	1.806162e-009	1.530499e-001	1.000000e-030	1.000000e-030	
1.000000e-030	1.000000e-030	6.494290e-002	1.000000e-030	1.000000e-030	1.000000e-030	4.363619e-002	6.509597e-002	1.515334e-001	1.000000e-030	1.000000e-030	2.164763e-002	1.000000e-030	2.397981e-002	1.000000e-030	4.329527e-002	1.000000e-030	1.000000e-030	1.000000e-030	1.298858e-001	4.329527e-002	2.164812e-002	1.000000e-030	2.164763e-002	1.000000e-030	1.515493e-001	1.000000e-030	1.082382e-001	6.494290e-002	4.466153e-002	1.000000e-030	1.000000e-030	
