7.500015e-001	2.499985e-001	0.000000e+000	0.000000e+000	0.000000e+000	
0.000000e+000	8.620310e-001	1.379690e-001	0.000000e+000	0.000000e+000	
0.000000e+000	0.000000e+000	4.039236e-001	5.960764e-001	0.000000e+000	
0.000000e+000	0.000000e+000	0.000000e+000	9.343195e-001	6.568047e-002	
0.000000e+000	0.000000e+000	0.000000e+000	0.000000e+000	1.000000e+000	
1.000000e-030	1.000000e-030	1.000000e-030	1.000000e-030	1.000000e-030	1.000000e-030	1.000000e-030	1.000000e-030	1.000000e-030	1.000000e-030	1.000000e-030	1.000000e-030	1.000000e-030	9.999940e-001	1.000000e-030	1.000000e-030	1.000000e-030	1.000000e-030	1.000000e-030	1.000000e-030	1.000000e-030	1.000000e-030	1.000000e-030	1.000000e-030	1.000000e-030	1.000000e-030	1.000000e-030	1.000000e-030	1.000000e-030	5.984558e-006	1.000000e-030	1.000000e-030	
1.000000e-030	1.000000e-030	1.000000e-030	1.000000e-030	1.000000e-030	1.000000e-030	1.000000e-030	1.000000e-030	1.000000e-030	1.000000e-030	1.000000e-030	1.000000e-030	1.000000e-030	9.954058e-011	1.000000e-030	1.000000e-030	1.000000e-030	1.000000e-030	1.000000e-030	1.000000e-030	1.000000e-030	1.000000e-030	1.000000e-030	1.110228e-030	1.000000e-030	2.759380e-001	1.000000e-030	1.000000e-030	1.000000e-030	5.517805e-001	1.000000e-030	1.722816e-001	
1.000000e-030	1.000000e-030	1.000000e-030	1.000000e-030	1.000000e-030	1.000000e-030	1.000000e-030	1.000000e-030	1.000000e-030	1.000000e-030	1.000000e-030	1.000000e-030	1.000000e-030	1.000000e-030	1.000000e-030	1.000000e-030	1.000000e-030	1.000000e-030	1.000000e-030	1.000000e-030	1.000000e-030	1.000000e-030	1.000000e-030	2.605058e-003	1.000000e-030	6.358153e-020	1.000000e-030	1.000000e-030	1.000000e-030	5.284004e-005	1.000000e-030	9.973421e-001	
1.000000e-030	1.000000e-030	1.000000e-030	1.000000e-030	1.000000e-030	1.000000e-030	1.000000e-030	1.000000e-030	1.000000e-030	1.000000e-030	1.000000e-030	1.000000e-030	1.000000e-030	1.697464e-001	1.000000e-030	1.000000e-030	1.000000e-030	1.000000e-030	1.000000e-030	1.000000e-030	1.000000e-030	1.000000e-030	1.000000e-030	5.485822e-001	1.000000e-030	1.306873e-001	1.000000e-030	1.206911e-009	1.000000e-030	1.010845e-001	1.000000e-030	4.989960e-002	
1.000000e-030	1.000000e-030	8.468702e-002	1.000000e-030	1.000000e-030	1.000000e-030	2.822901e-002	2.822901e-002	5.645802e-002	1.000000e-030	1.000000e-030	1.000000e-030	1.000000e-030	9.055262e-002	1.000000e-030	4.234351e-002	1.000000e-030	1.000000e-030	1.000000e-030	1.411450e-002	1.000000e-030	1.000000e-030	1.000000e-030	2.631415e-001	1.000000e-030	9.894629e-002	1.000000e-030	8.468702e-002	1.000000e-030	1.053160e-001	1.000000e-030	1.032955e-001	
