8.930702e-001	1.069298e-001	0.000000e+000	0.000000e+000	0.000000e+000	
0.000000e+000	8.268529e-001	1.731471e-001	0.000000e+000	0.000000e+000	
0.000000e+000	0.000000e+000	8.297185e-001	1.702815e-001	0.000000e+000	
0.000000e+000	0.000000e+000	0.000000e+000	9.426555e-001	5.734449e-002	
0.000000e+000	0.000000e+000	0.000000e+000	0.000000e+000	1.000000e+000	
1.000000e-030	1.000000e-030	1.000000e-030	1.000000e-030	1.068919e-001	1.163681e-003	1.000000e-030	1.000000e-030	1.000000e-030	1.000000e-030	1.000000e-030	6.081397e-001	2.838047e-001	1.000000e-030	1.000000e-030	1.000000e-030	1.000000e-030	1.000000e-030	1.000000e-030	1.000000e-030	1.000000e-030	1.000000e-030	1.000000e-030	1.000000e-030	1.000000e-030	1.000000e-030	1.000000e-030	1.000000e-030	1.000000e-030	1.000000e-030	1.000000e-030	1.000000e-030	
1.000000e-030	1.000000e-030	1.000000e-030	1.730860e-001	6.135616e-005	1.712628e-001	1.000000e-030	1.000000e-030	1.000000e-030	1.000000e-030	1.000000e-030	5.957023e-001	5.988756e-002	5.254854e-018	1.000000e-030	1.000000e-030	1.000000e-030	1.000000e-030	1.000000e-030	1.000000e-030	1.000000e-030	1.000000e-030	1.000000e-030	1.000000e-030	1.000000e-030	1.000000e-030	1.000000e-030	1.000000e-030	1.000000e-030	1.000000e-030	1.000000e-030	1.000000e-030	
1.000000e-030	1.000000e-030	1.000000e-030	6.005294e-005	1.000000e-030	1.000000e-030	1.000000e-030	1.000000e-030	1.000000e-030	1.000000e-030	1.000000e-030	4.890955e-001	1.000000e-030	1.702815e-001	1.000000e-030	1.000000e-030	1.000000e-030	1.000000e-030	1.000000e-030	1.702815e-001	1.000000e-030	1.000000e-030	1.000000e-030	1.574960e-011	1.000000e-030	1.000000e-030	1.000000e-030	1.000000e-030	1.000000e-030	1.702815e-001	1.000000e-030	1.000000e-030	
1.000000e-030	1.000000e-030	1.000000e-030	1.000000e-030	1.000000e-030	1.000000e-030	1.000000e-030	5.507842e-002	1.000000e-030	1.000000e-030	1.000000e-030	4.023936e-024	1.000000e-030	5.734279e-002	1.000000e-030	1.000000e-030	1.000000e-030	1.000000e-030	1.000000e-030	1.000000e-030	1.000000e-030	1.000000e-030	1.000000e-030	2.648001e-001	1.000000e-030	1.000000e-030	1.000000e-030	5.734449e-002	1.000000e-030	5.654342e-001	1.000000e-030	8.911786e-013	
1.000000e-030	1.000000e-030	8.256066e-002	1.000000e-030	3.302426e-002	1.000000e-030	6.604853e-002	1.716464e-002	1.000000e-030	1.000000e-030	1.000000e-030	3.302426e-002	9.907279e-002	9.907328e-002	3.302426e-002	1.651213e-002	1.651213e-002	1.000000e-030	6.604853e-002	1.651213e-002	1.651213e-002	1.000000e-030	1.000000e-030	1.053852e-001	1.000000e-030	1.000000e-030	1.000000e-030	3.302426e-002	1.000000e-030	1.674280e-001	1.000000e-030	9.907279e-002	
