7.500000e-001	2.500000e-001	0.000000e+000	0.000000e+000	0.000000e+000	
0.000000e+000	7.971213e-001	2.028787e-001	0.000000e+000	0.000000e+000	
0.000000e+000	0.000000e+000	8.627646e-001	1.372354e-001	0.000000e+000	
0.000000e+000	0.000000e+000	0.000000e+000	8.847585e-001	1.152415e-001	
0.000000e+000	0.000000e+000	0.000000e+000	0.000000e+000	1.000000e+000	
1.000000e-030	1.000000e-030	1.000000e-030	1.000000e-030	1.000000e-030	1.000000e-030	1.000000e-030	1.000000e-030	1.000000e-030	1.000000e-030	1.000000e-030	1.000000e-030	1.000000e-030	2.500000e-001	1.000000e-030	1.000000e-030	1.000000e-030	1.000000e-030	1.000000e-030	7.500000e-001	1.000000e-030	1.000000e-030	1.000000e-030	1.000000e-030	1.000000e-030	1.000000e-030	1.000000e-030	1.000000e-030	1.000000e-030	1.000000e-030	1.000000e-030	1.000000e-030	
1.000000e-030	1.000000e-030	1.000000e-030	1.000000e-030	1.000000e-030	1.000000e-030	1.000000e-030	1.000000e-030	1.000000e-030	1.000000e-030	1.000000e-030	1.000000e-030	2.028787e-001	6.622616e-015	1.000000e-030	2.028787e-001	1.000000e-030	1.000000e-030	1.000000e-030	1.000000e-030	1.000000e-030	2.028787e-001	1.000000e-030	1.000000e-030	1.000000e-030	3.913639e-001	1.000000e-030	1.000000e-030	1.000000e-030	1.000000e-030	1.000000e-030	1.000000e-030	
1.000000e-030	1.000000e-030	1.000000e-030	1.000000e-030	1.000000e-030	1.000000e-030	1.000000e-030	1.000000e-030	1.000000e-030	1.000000e-030	1.000000e-030	1.372354e-001	1.000000e-030	1.000000e-030	1.000000e-030	1.372354e-001	1.000000e-030	1.000000e-030	1.000000e-030	1.000000e-030	1.000000e-030	1.000000e-030	1.000000e-030	1.000000e-030	1.000000e-030	5.882938e-001	1.000000e-030	1.000000e-030	1.372354e-001	1.000000e-030	1.000000e-030	1.000000e-030	
1.000000e-030	1.000000e-030	1.000000e-030	1.000000e-030	1.000000e-030	1.000000e-030	1.000000e-030	1.000000e-030	1.000000e-030	1.000000e-030	1.000000e-030	1.000000e-030	1.000000e-030	1.131134e-001	1.000000e-030	1.000000e-030	1.000000e-030	1.000000e-030	1.000000e-030	1.151837e-001	1.000000e-030	1.000000e-030	1.000000e-030	2.182859e-001	1.000000e-030	4.125707e-001	1.000000e-030	1.000000e-030	1.000000e-030	1.408463e-001	1.000000e-030	1.000000e-030	
2.698809e-002	1.000000e-030	2.698809e-002	1.000000e-030	1.000000e-030	1.000000e-030	1.000000e-030	1.000000e-030	6.747022e-002	1.000000e-030	1.000000e-030	1.000000e-030	1.000000e-030	1.216956e-001	1.000000e-030	5.397618e-002	1.000000e-030	1.000000e-030	1.000000e-030	8.097104e-002	1.000000e-030	1.000000e-030	1.000000e-030	9.588650e-002	1.349404e-002	2.974281e-002	1.000000e-030	9.445831e-002	1.000000e-030	3.748351e-001	1.000000e-030	1.349404e-002	
