8.475692e-001	1.524308e-001	0.000000e+000	0.000000e+000	0.000000e+000	
0.000000e+000	8.845671e-001	1.154329e-001	0.000000e+000	0.000000e+000	
0.000000e+000	0.000000e+000	9.303609e-001	6.963909e-002	0.000000e+000	
0.000000e+000	0.000000e+000	0.000000e+000	9.417454e-001	5.825456e-002	
0.000000e+000	0.000000e+000	0.000000e+000	0.000000e+000	1.000000e+000	
1.000000e-030	1.000000e-030	1.000000e-030	1.000000e-030	1.000000e-030	1.000000e-030	1.000000e-030	1.000000e-030	1.000000e-030	1.000000e-030	1.000000e-030	1.000000e-030	1.000000e-030	1.000000e-030	1.000000e-030	1.000000e-030	1.000000e-030	1.000000e-030	1.000000e-030	1.000000e-030	1.000000e-030	1.000000e-030	1.000000e-030	9.905480e-007	1.000000e-030	1.000000e-030	1.000000e-030	1.000000e-030	1.000000e-030	5.860425e-001	1.000000e-030	4.139565e-001	
1.000000e-030	1.000000e-030	1.000000e-030	1.000000e-030	1.000000e-030	1.000000e-030	1.000000e-030	1.000000e-030	1.000000e-030	1.000000e-030	1.000000e-030	1.000000e-030	1.000000e-030	1.000000e-030	1.000000e-030	1.136932e-001	1.000000e-030	1.000000e-030	1.000000e-030	1.000000e-030	1.000000e-030	1.000000e-030	1.000000e-030	3.510005e-001	1.000000e-030	5.870542e-002	1.000000e-030	1.000000e-030	1.000000e-030	4.116600e-001	1.000000e-030	6.494095e-002	
1.000000e-030	1.000000e-030	1.000000e-030	1.000000e-030	1.000000e-030	1.000000e-030	1.000000e-030	1.000000e-030	1.000000e-030	1.000000e-030	1.000000e-030	4.093204e-012	1.000000e-030	1.000000e-030	1.000000e-030	1.049531e-003	1.000000e-030	1.000000e-030	1.000000e-030	1.000000e-030	1.000000e-030	1.000000e-030	1.000000e-030	4.014549e-001	1.000000e-030	1.038596e-001	1.000000e-030	1.000000e-030	1.000000e-030	3.175983e-001	1.000000e-030	1.760376e-001	
1.000000e-030	1.000000e-030	1.000000e-030	1.000000e-030	1.000000e-030	1.000000e-030	1.000000e-030	1.165091e-001	1.000000e-030	1.000000e-030	1.000000e-030	4.061266e-001	1.000000e-030	1.000000e-030	1.000000e-030	4.303552e-015	1.000000e-030	1.000000e-030	1.000000e-030	1.000000e-030	1.000000e-030	1.000000e-030	1.000000e-030	2.443438e-001	1.000000e-030	2.796702e-002	1.000000e-030	1.000000e-030	5.825456e-002	1.355060e-001	1.000000e-030	1.129294e-002	
5.741538e-002	1.000000e-030	1.913846e-002	1.000000e-030	1.000000e-030	1.000000e-030	1.000000e-030	3.827694e-002	9.569230e-002	1.000000e-030	1.000000e-030	1.968229e-002	1.913846e-002	7.655384e-002	1.000000e-030	5.741538e-002	1.000000e-030	1.000000e-030	1.000000e-030	3.827692e-002	1.000000e-030	1.000000e-030	1.000000e-030	1.722471e-001	1.913846e-002	2.908953e-002	1.000000e-030	5.741538e-002	7.534414e-028	2.239657e-001	1.000000e-030	7.655384e-002	
