7.500789e-001	2.499211e-001	0.000000e+000	0.000000e+000	0.000000e+000	
0.000000e+000	7.320743e-001	2.679257e-001	0.000000e+000	0.000000e+000	
0.000000e+000	0.000000e+000	9.025967e-001	9.740330e-002	0.000000e+000	
0.000000e+000	0.000000e+000	0.000000e+000	8.575483e-001	1.424517e-001	
0.000000e+000	0.000000e+000	0.000000e+000	0.000000e+000	1.000000e+000	
1.000000e-030	1.000000e-030	1.000000e-030	1.000000e-030	1.000000e-030	1.000000e-030	1.000000e-030	2.499211e-001	1.000000e-030	1.000000e-030	1.000000e-030	1.000000e-030	1.000000e-030	3.159200e-004	1.000000e-030	1.000000e-030	1.000000e-030	1.000000e-030	1.000000e-030	4.998419e-001	1.000000e-030	1.000000e-030	1.000000e-030	1.000000e-030	1.000000e-030	2.499211e-001	1.000000e-030	1.000000e-030	1.000000e-030	1.000000e-030	1.000000e-030	1.000000e-030	
1.000000e-030	1.000000e-030	1.000000e-030	1.000000e-030	1.000000e-030	1.000000e-030	1.000000e-030	1.000000e-030	1.000000e-030	1.000000e-030	1.000000e-030	1.000000e-030	1.000000e-030	5.355128e-001	1.000000e-030	1.728410e-001	1.000000e-030	1.000000e-030	1.000000e-030	3.249539e-007	1.000000e-030	2.679257e-001	1.000000e-030	1.000000e-030	1.000000e-030	2.371814e-002	1.000000e-030	1.000000e-030	1.000000e-030	1.939168e-006	1.000000e-030	4.091582e-028	
1.000000e-030	1.000000e-030	1.000000e-030	1.000000e-030	1.000000e-030	1.000000e-030	1.000000e-030	9.741004e-002	1.000000e-030	1.000000e-030	1.000000e-030	1.000000e-030	1.000000e-030	1.000000e-030	1.000000e-030	1.319710e-001	1.000000e-030	1.000000e-030	1.000000e-030	1.598677e-005	1.000000e-030	1.618154e-019	1.000000e-030	1.000000e-030	1.000000e-030	3.809905e-001	1.000000e-030	1.000000e-030	1.948066e-001	9.740260e-002	1.000000e-030	9.740330e-002	
1.000000e-030	1.000000e-030	1.000000e-030	1.000000e-030	1.424517e-001	1.000000e-030	1.000000e-030	1.424418e-001	1.000000e-030	1.000000e-030	1.000000e-030	1.331525e-001	1.424517e-001	1.000000e-030	1.000000e-030	1.000000e-030	1.000000e-030	1.000000e-030	1.000000e-030	3.437358e-001	1.000000e-030	1.000000e-030	1.000000e-030	6.399390e-004	1.000000e-030	9.713355e-008	1.000000e-030	9.512640e-002	1.000000e-030	8.307102e-016	1.000000e-030	1.000000e-030	
1.351720e-002	1.000000e-030	2.703439e-002	1.351720e-002	1.000000e-030	1.000000e-030	1.000000e-030	2.297923e-001	1.081376e-001	4.055159e-002	1.000000e-030	2.791678e-002	1.000000e-030	2.703439e-002	1.000000e-030	4.055159e-002	2.703439e-002	1.000000e-030	1.000000e-030	1.836559e-001	2.703439e-002	1.351720e-002	1.000000e-030	6.752525e-002	1.000000e-030	1.351720e-002	1.000000e-030	8.559385e-002	1.351720e-002	4.055159e-002	1.000000e-030	1.000000e-030	
