8.714837e-001	1.285163e-001	0.000000e+000	0.000000e+000	0.000000e+000	
0.000000e+000	7.181290e-001	2.818710e-001	0.000000e+000	0.000000e+000	
0.000000e+000	0.000000e+000	9.062909e-001	9.370913e-002	0.000000e+000	
0.000000e+000	0.000000e+000	0.000000e+000	9.478093e-001	5.219073e-002	
0.000000e+000	0.000000e+000	0.000000e+000	0.000000e+000	1.000000e+000	
1.000000e-030	1.000000e-030	1.000000e-030	1.000000e-030	1.000000e-030	1.000000e-030	1.000000e-030	1.285163e-001	1.000000e-030	1.000000e-030	1.000000e-030	1.285163e-001	2.289093e-001	1.000000e-030	1.000000e-030	7.742809e-010	1.000000e-030	1.000000e-030	1.000000e-030	1.000000e-030	1.000000e-030	1.000000e-030	1.000000e-030	5.140581e-001	1.000000e-030	1.000000e-030	1.000000e-030	1.000000e-030	1.000000e-030	1.000000e-030	1.000000e-030	1.000000e-030	
1.000000e-030	1.000000e-030	1.000000e-030	1.000000e-030	1.000000e-030	1.000000e-030	1.000000e-030	9.011662e-002	1.000000e-030	1.000000e-030	1.000000e-030	2.818710e-001	6.168208e-002	1.000000e-030	1.000000e-030	5.663145e-001	1.000000e-030	1.000000e-030	1.000000e-030	1.000000e-030	1.000000e-030	1.000000e-030	1.000000e-030	1.579665e-005	1.000000e-030	1.000000e-030	1.000000e-030	1.000000e-030	1.000000e-030	1.000000e-030	1.000000e-030	6.586390e-026	
1.000000e-030	1.000000e-030	1.000000e-030	1.000000e-030	1.000000e-030	1.000000e-030	1.000000e-030	3.448769e-001	1.000000e-030	1.000000e-030	1.000000e-030	1.488387e-008	1.000000e-030	1.000000e-030	1.000000e-030	1.865630e-001	1.000000e-030	1.000000e-030	1.000000e-030	1.000000e-030	1.000000e-030	1.000000e-030	1.000000e-030	1.000000e-030	1.000000e-030	1.000000e-030	3.332613e-005	2.811085e-001	1.000000e-030	1.000000e-030	1.000000e-030	1.874183e-001	
1.000000e-030	1.000000e-030	1.043815e-001	1.000000e-030	1.000000e-030	1.000000e-030	5.219073e-002	1.043815e-001	1.000000e-030	1.000000e-030	1.000000e-030	1.000000e-030	1.000000e-030	1.000000e-030	1.000000e-030	5.219073e-002	3.653351e-001	1.000000e-030	5.219073e-002	1.043815e-001	1.000000e-030	1.000000e-030	1.000000e-030	1.127657e-001	1.000000e-030	1.000000e-030	5.217217e-002	1.050814e-005	1.000000e-030	1.721196e-017	1.000000e-030	1.000000e-030	
1.000000e-030	1.000000e-030	1.000000e-030	1.000000e-030	1.000000e-030	1.000000e-030	1.000000e-030	2.642118e-016	1.000000e-030	1.000000e-030	1.000000e-030	1.000000e-030	1.000000e-030	1.728927e-002	1.000000e-030	1.000000e-030	1.000000e-030	1.000000e-030	1.000000e-030	1.000000e-030	1.000000e-030	1.000000e-030	1.000000e-030	8.366889e-002	1.000000e-030	1.000000e-030	1.000000e-030	1.000000e-030	1.000000e-030	2.247605e-001	1.000000e-030	6.742814e-001	
