7.502802e-001	2.497198e-001	0.000000e+000	0.000000e+000	0.000000e+000	
0.000000e+000	8.888398e-001	1.111602e-001	0.000000e+000	0.000000e+000	
0.000000e+000	0.000000e+000	8.571272e-001	1.428728e-001	0.000000e+000	
0.000000e+000	0.000000e+000	0.000000e+000	9.412491e-001	5.875089e-002	
0.000000e+000	0.000000e+000	0.000000e+000	0.000000e+000	1.000000e+000	
1.000000e-030	1.000000e-030	1.000000e-030	3.301884e-016	9.988212e-001	1.178766e-003	1.000000e-030	1.000000e-030	1.000000e-030	1.000000e-030	1.000000e-030	1.000000e-030	1.000000e-030	1.000000e-030	1.000000e-030	1.000000e-030	1.000000e-030	1.000000e-030	1.000000e-030	1.000000e-030	1.000000e-030	1.000000e-030	1.000000e-030	1.000000e-030	1.000000e-030	1.000000e-030	1.000000e-030	1.000000e-030	1.000000e-030	1.000000e-030	1.000000e-030	1.000000e-030	
1.000000e-030	1.111820e-001	1.000000e-030	2.223203e-001	9.662097e-005	3.329205e-001	1.000000e-030	1.000000e-030	1.000000e-030	2.223203e-001	1.000000e-030	1.000000e-030	1.000000e-030	1.000000e-030	1.000000e-030	1.000000e-030	1.000000e-030	1.000000e-030	1.000000e-030	1.111602e-001	1.000000e-030	1.000000e-030	1.000000e-030	1.000000e-030	1.000000e-030	1.000000e-030	1.000000e-030	1.000000e-030	1.000000e-030	1.000000e-030	1.000000e-030	1.000000e-030	
1.000000e-030	4.285904e-001	1.000000e-030	1.428326e-001	4.285274e-001	4.528703e-005	1.000000e-030	1.000000e-030	1.000000e-030	1.000000e-030	1.000000e-030	1.000000e-030	1.000000e-030	1.000000e-030	1.000000e-030	1.000000e-030	1.000000e-030	4.300633e-006	1.000000e-030	1.000000e-030	1.000000e-030	1.000000e-030	1.000000e-030	1.000000e-030	1.000000e-030	1.000000e-030	1.000000e-030	1.000000e-030	1.000000e-030	1.000000e-030	1.000000e-030	1.000000e-030	
1.000000e-030	1.000000e-030	1.000000e-030	1.654494e-005	4.441475e-030	1.000000e-030	1.000000e-030	1.000000e-030	1.000000e-030	1.000000e-030	1.000000e-030	1.000000e-030	1.000000e-030	1.000000e-030	1.000000e-030	1.000000e-030	1.231481e-003	3.525035e-001	5.873957e-002	1.000000e-030	1.000000e-030	1.000000e-030	1.000000e-030	1.000000e-030	4.700071e-001	1.000000e-030	5.875089e-002	5.875089e-002	4.425522e-024	1.000000e-030	1.000000e-030	1.000000e-030	
1.000000e-030	6.453775e-002	1.000000e-030	6.453775e-002	2.420166e-001	4.517642e-001	1.000000e-030	1.000000e-030	1.000000e-030	3.226887e-002	1.000000e-030	1.613444e-002	1.000000e-030	1.000000e-030	1.000000e-030	1.613444e-002	3.193068e-002	1.000000e-030	3.106393e-006	1.000000e-030	4.840331e-002	1.613444e-002	1.000000e-030	1.000000e-030	1.000000e-030	1.000000e-030	1.595040e-022	1.000000e-030	1.613444e-002	1.000000e-030	1.000000e-030	1.000000e-030	
