8.832335e-001	1.167665e-001	0.000000e+000	0.000000e+000	0.000000e+000	
0.000000e+000	7.566827e-001	2.433173e-001	0.000000e+000	0.000000e+000	
0.000000e+000	0.000000e+000	9.188709e-001	8.112907e-002	0.000000e+000	
0.000000e+000	0.000000e+000	0.000000e+000	9.221602e-001	7.783985e-002	
0.000000e+000	0.000000e+000	0.000000e+000	0.000000e+000	1.000000e+000	
1.000000e-030	1.167665e-001	1.000000e-030	1.000000e-030	1.167665e-001	3.502994e-001	1.000000e-030	1.000000e-030	1.000000e-030	1.000000e-030	1.000000e-030	1.167665e-001	1.000000e-030	1.000000e-030	1.000000e-030	1.000000e-030	1.000000e-030	1.000000e-030	1.000000e-030	1.000000e-030	1.000000e-030	2.994012e-001	1.000000e-030	1.000000e-030	1.000000e-030	1.000000e-030	1.000000e-030	1.000000e-030	1.000000e-030	1.000000e-030	1.000000e-030	1.000000e-030	
1.000000e-030	1.000000e-030	1.000000e-030	2.433173e-001	2.433173e-001	1.000000e-030	1.000000e-030	1.000000e-030	1.000000e-030	1.000000e-030	1.000000e-030	1.000000e-030	1.000000e-030	1.000000e-030	1.000000e-030	1.000000e-030	1.000000e-030	1.000000e-030	1.000000e-030	1.000000e-030	2.433173e-001	2.700480e-001	1.000000e-030	1.000000e-030	1.000000e-030	1.000000e-030	1.000000e-030	1.000000e-030	1.000000e-030	1.000000e-030	1.000000e-030	1.000000e-030	
1.000000e-030	1.000000e-030	1.000000e-030	1.000000e-030	1.622581e-001	1.622581e-001	1.000000e-030	1.000000e-030	1.000000e-030	4.056454e-001	1.000000e-030	1.000000e-030	7.545304e-016	1.000000e-030	1.000000e-030	1.000000e-030	1.000000e-030	1.000000e-030	1.000000e-030	8.112907e-002	8.112907e-002	1.075802e-001	1.000000e-030	1.000000e-030	1.000000e-030	1.000000e-030	1.000000e-030	1.000000e-030	1.000000e-030	1.000000e-030	1.000000e-030	1.000000e-030	
1.000000e-030	1.000000e-030	1.000000e-030	7.783983e-002	1.000000e-030	4.656694e-001	1.000000e-030	1.000000e-030	1.000000e-030	1.000000e-030	1.000000e-030	1.000000e-030	1.556797e-001	1.000000e-030	1.000000e-030	1.000000e-030	1.000000e-030	1.000000e-030	1.000000e-030	1.451314e-001	1.556796e-001	1.000000e-030	1.000000e-030	1.000000e-030	1.000000e-030	1.000000e-030	1.000000e-030	2.803779e-025	1.000000e-030	1.000000e-030	1.000000e-030	1.000000e-030	
1.000000e-030	4.905719e-002	1.635240e-002	1.144668e-001	6.540959e-002	4.934493e-002	1.000000e-030	4.905719e-002	1.000000e-030	4.905719e-002	1.000000e-030	6.540959e-002	8.176199e-002	3.270480e-002	1.000000e-030	6.540959e-002	1.000000e-030	1.000000e-030	1.635240e-002	1.856835e-002	8.176200e-002	1.000000e-030	1.000000e-030	6.540959e-002	1.635240e-002	1.000000e-030	1.000000e-030	9.811439e-002	4.905719e-002	1.000000e-030	1.000000e-030	1.635240e-002	
