7.500000e-001	2.500000e-001	0.000000e+000	0.000000e+000	0.000000e+000	
0.000000e+000	8.468208e-001	1.531792e-001	0.000000e+000	0.000000e+000	
0.000000e+000	0.000000e+000	8.514422e-001	1.485578e-001	0.000000e+000	
0.000000e+000	0.000000e+000	0.000000e+000	9.517847e-001	4.821528e-002	
0.000000e+000	0.000000e+000	0.000000e+000	0.000000e+000	1.000000e+000	
1.000000e-030	1.000000e-030	1.000000e-030	4.613774e-012	1.000000e-030	5.000000e-001	1.000000e-030	1.000000e-030	1.000000e-030	1.000000e-030	1.000000e-030	1.000000e-030	2.500000e-001	1.000000e-030	1.000000e-030	1.000000e-030	1.000000e-030	1.000000e-030	1.000000e-030	1.000000e-030	1.000000e-030	2.500000e-001	1.000000e-030	1.000000e-030	1.000000e-030	1.000000e-030	1.000000e-030	1.000000e-030	1.000000e-030	1.000000e-030	1.000000e-030	1.000000e-030	
1.000000e-030	1.000000e-030	1.000000e-030	3.872834e-001	3.063583e-001	1.000000e-030	1.000000e-030	1.000000e-030	1.000000e-030	1.151516e-018	1.000000e-030	1.000000e-030	1.000000e-030	1.000000e-030	1.000000e-030	1.000000e-030	1.000000e-030	1.000000e-030	1.000000e-030	1.000000e-030	1.531792e-001	1.810217e-008	1.000000e-030	1.000000e-030	1.000000e-030	1.000000e-030	1.000000e-030	1.000000e-030	1.531792e-001	1.000000e-030	1.000000e-030	1.000000e-030	
1.000000e-030	8.711224e-022	1.000000e-030	3.438825e-001	9.346180e-028	2.143439e-001	1.000000e-030	1.000000e-030	1.000000e-030	4.417737e-001	1.000000e-030	1.000000e-030	1.000000e-030	1.000000e-030	1.000000e-030	1.000000e-030	1.000000e-030	1.000000e-030	1.000000e-030	1.000000e-030	1.000000e-030	1.000000e-030	1.000000e-030	1.000000e-030	1.000000e-030	1.000000e-030	1.000000e-030	1.000000e-030	1.000000e-030	1.000000e-030	1.000000e-030	1.000000e-030	
1.000000e-030	1.928611e-001	1.000000e-030	1.039951e-001	1.000000e-030	1.715099e-001	1.000000e-030	1.000000e-030	1.000000e-030	4.948101e-002	1.000000e-030	1.000000e-030	9.643056e-002	1.000000e-030	1.000000e-030	1.000000e-030	1.000000e-030	1.928611e-001	1.000000e-030	1.000000e-030	1.446458e-001	4.821528e-002	1.000000e-030	1.000000e-030	1.000000e-030	1.000000e-030	1.000000e-030	1.392083e-008	1.000000e-030	1.000000e-030	1.000000e-030	1.000000e-030	
1.000000e-030	3.278689e-002	3.278689e-002	1.147541e-001	1.639344e-002	3.278689e-002	1.000000e-030	1.639344e-002	1.000000e-030	1.311475e-001	1.639344e-002	1.000000e-030	1.311475e-001	4.918033e-002	1.000000e-030	1.000000e-030	1.639344e-002	1.000000e-030	6.557377e-002	3.278689e-002	3.278689e-002	6.557377e-002	1.000000e-030	3.278689e-002	8.196721e-002	3.278689e-002	1.639344e-002	3.278688e-002	1.639344e-002	1.000000e-030	1.000000e-030	1.000000e-030	
