8.324340e-001	1.675660e-001	0.000000e+000	0.000000e+000	0.000000e+000	
0.000000e+000	8.013664e-001	1.986336e-001	0.000000e+000	0.000000e+000	
0.000000e+000	0.000000e+000	9.050854e-001	9.491464e-002	0.000000e+000	
0.000000e+000	0.000000e+000	0.000000e+000	9.240777e-001	7.592231e-002	
0.000000e+000	0.000000e+000	0.000000e+000	0.000000e+000	1.000000e+000	
1.000000e-030	3.300967e-001	1.000000e-030	1.078949e-003	1.000000e-030	1.000000e-030	1.000000e-030	1.675660e-001	1.000000e-030	1.000000e-030	1.000000e-030	1.000000e-030	5.012583e-001	1.000000e-030	1.000000e-030	1.000000e-030	1.000000e-030	1.000000e-030	1.000000e-030	1.000000e-030	1.533273e-023	1.000000e-030	1.000000e-030	1.000000e-030	1.000000e-030	1.000000e-030	1.000000e-030	1.000000e-030	1.000000e-030	1.000000e-030	1.000000e-030	1.000000e-030	
1.000000e-030	5.969028e-003	1.000000e-030	1.973547e-001	1.000000e-030	1.000000e-030	1.000000e-030	1.000000e-030	1.000000e-030	5.448683e-004	1.000000e-030	1.000000e-030	2.002305e-001	1.000000e-030	1.000000e-030	1.986336e-001	1.000000e-030	1.000000e-030	1.000000e-030	4.385956e-017	1.986336e-001	1.000000e-030	1.000000e-030	1.000000e-030	1.000000e-030	1.000000e-030	1.000000e-030	1.000000e-030	1.986336e-001	1.000000e-030	1.000000e-030	1.000000e-030	
1.000000e-030	1.000000e-030	1.000000e-030	1.896860e-001	1.007710e-008	1.000000e-030	1.000000e-030	1.000000e-030	1.000000e-030	2.420830e-001	1.000000e-030	1.000000e-030	5.251567e-005	1.000000e-030	1.000000e-030	2.017499e-024	1.000000e-030	1.000000e-030	1.000000e-030	9.491464e-002	1.000000e-030	3.792199e-001	1.000000e-030	1.000000e-030	1.000000e-030	1.000000e-030	1.000000e-030	1.000000e-030	9.404391e-002	1.000000e-030	1.000000e-030	1.000000e-030	
1.000000e-030	7.592231e-002	1.000000e-030	7.603690e-002	1.518446e-001	1.000000e-030	1.000000e-030	4.953842e-002	1.000000e-030	1.857609e-001	1.126165e-002	1.000000e-030	1.000000e-030	1.000000e-030	1.000000e-030	1.000000e-030	1.000000e-030	2.277669e-001	1.000000e-030	1.000000e-030	7.592231e-002	1.452494e-001	1.000000e-030	1.000000e-030	1.000000e-030	1.000000e-030	1.000000e-030	1.000000e-030	6.964993e-004	1.000000e-030	1.000000e-030	1.000000e-030	
1.000000e-030	3.110871e-002	1.000000e-030	1.555436e-001	1.555436e-002	6.221743e-002	1.000000e-030	2.095968e-002	1.000000e-030	1.555436e-001	2.880152e-002	9.332614e-002	3.110871e-002	1.000000e-030	1.000000e-030	4.666307e-002	1.000000e-030	8.134358e-026	1.555436e-002	4.666307e-002	3.110871e-002	4.808612e-002	1.000000e-030	1.000000e-030	1.088805e-001	1.555436e-002	1.555436e-002	1.000000e-030	7.777178e-002	1.000000e-030	1.000000e-030	1.000000e-030	
