8.382455e-001	1.617545e-001	0.000000e+000	0.000000e+000	0.000000e+000	
0.000000e+000	8.314209e-001	1.685791e-001	0.000000e+000	0.000000e+000	
0.000000e+000	0.000000e+000	9.117883e-001	8.821172e-002	0.000000e+000	
0.000000e+000	0.000000e+000	0.000000e+000	9.187147e-001	8.128530e-002	
0.000000e+000	0.000000e+000	0.000000e+000	0.000000e+000	1.000000e+000	
1.000000e-030	1.000000e-030	1.000000e-030	2.220133e-001	1.000000e-030	1.617545e-001	1.000000e-030	1.000000e-030	1.000000e-030	1.509043e-001	1.000000e-030	1.000000e-030	1.000000e-030	1.000000e-030	1.000000e-030	1.000000e-030	1.000000e-030	3.035735e-001	1.000000e-030	1.000000e-030	1.617545e-001	1.000000e-030	1.000000e-030	1.000000e-030	1.000000e-030	1.000000e-030	1.000000e-030	1.000000e-030	6.790942e-016	1.000000e-030	1.000000e-030	1.000000e-030	
1.000000e-030	1.924225e-002	1.000000e-030	6.115151e-001	4.073956e-026	1.000000e-030	1.000000e-030	1.000000e-030	1.000000e-030	1.798871e-001	1.000000e-030	1.000000e-030	1.000000e-030	1.000000e-030	1.000000e-030	1.000000e-030	1.000000e-030	2.077657e-002	1.000000e-030	1.000000e-030	2.910275e-021	1.000000e-030	1.000000e-030	1.000000e-030	1.000000e-030	1.000000e-030	1.000000e-030	1.000000e-030	1.685791e-001	1.000000e-030	1.000000e-030	1.000000e-030	
1.000000e-030	7.814291e-002	1.000000e-030	9.607396e-010	1.764139e-001	1.000000e-030	1.000000e-030	1.000000e-030	1.000000e-030	2.161728e-001	1.000000e-030	1.000000e-030	9.141635e-018	1.000000e-030	1.000000e-030	1.000000e-030	1.000000e-030	1.000000e-030	1.000000e-030	8.821172e-002	2.646352e-001	1.764234e-001	1.000000e-030	1.000000e-030	1.000000e-030	1.000000e-030	1.000000e-030	1.000000e-030	1.000000e-030	1.000000e-030	1.000000e-030	1.000000e-030	
1.000000e-030	3.243364e-001	1.000000e-030	1.580387e-004	8.776186e-006	1.029767e-001	1.000000e-030	1.000000e-030	1.000000e-030	2.604488e-001	1.000000e-030	1.000000e-030	8.128530e-002	1.000000e-030	1.000000e-030	8.128508e-002	1.000000e-030	1.000000e-030	1.000000e-030	8.113913e-002	1.506805e-018	1.694341e-016	1.000000e-030	1.000000e-030	1.000000e-030	1.000000e-030	1.000000e-030	1.000000e-030	6.836187e-002	1.000000e-030	1.000000e-030	1.000000e-030	
1.000000e-030	1.596754e-002	1.000000e-030	7.902421e-002	6.324396e-002	1.380797e-001	1.000000e-030	1.581099e-002	1.000000e-030	1.161358e-001	1.000000e-030	3.162198e-002	1.422989e-001	1.000000e-030	1.000000e-030	1.581103e-002	1.000000e-030	6.324396e-002	3.162198e-002	1.583942e-002	3.162198e-002	1.581099e-002	1.000000e-030	1.000000e-030	1.264879e-001	3.162198e-002	1.000000e-030	1.581099e-002	4.994673e-002	1.000000e-030	1.000000e-030	1.000000e-030	
