6.666667e-001	3.333333e-001	0.000000e+000	0.000000e+000	0.000000e+000	
0.000000e+000	8.571429e-001	1.428571e-001	0.000000e+000	0.000000e+000	
0.000000e+000	0.000000e+000	8.307959e-001	1.692041e-001	0.000000e+000	
0.000000e+000	0.000000e+000	0.000000e+000	9.344009e-001	6.559908e-002	
0.000000e+000	0.000000e+000	0.000000e+000	0.000000e+000	1.000000e+000	
1.000000e-030	1.000000e-030	1.000000e-030	1.000000e-030	1.000000e-030	1.000000e-030	1.000000e-030	1.000000e-030	1.000000e-030	3.333333e-001	1.000000e-030	1.000000e-030	1.000000e-030	1.000000e-030	1.000000e-030	1.000000e-030	1.000000e-030	1.000000e-030	1.000000e-030	1.000000e-030	6.666667e-001	1.000000e-030	1.000000e-030	1.000000e-030	1.000000e-030	1.000000e-030	1.000000e-030	1.000000e-030	1.000000e-030	1.000000e-030	1.000000e-030	1.000000e-030	
1.000000e-030	1.000000e-030	1.000000e-030	1.000000e-030	1.000000e-030	1.000000e-030	1.000000e-030	4.285714e-001	1.000000e-030	1.000000e-030	1.000000e-030	4.285714e-001	1.000000e-030	1.000000e-030	1.000000e-030	1.000000e-030	1.000000e-030	1.000000e-030	1.000000e-030	1.428571e-001	1.000000e-030	1.000000e-030	1.000000e-030	1.000000e-030	1.000000e-030	1.000000e-030	1.000000e-030	1.000000e-030	1.000000e-030	1.000000e-030	1.000000e-030	1.000000e-030	
1.000000e-030	1.097158e-001	1.000000e-030	3.384082e-001	1.000000e-030	1.000000e-030	1.000000e-030	1.000000e-030	1.000000e-030	2.134678e-001	1.000000e-030	1.000000e-030	1.000000e-030	1.000000e-030	1.000000e-030	1.000000e-030	1.000000e-030	1.000000e-030	1.000000e-030	1.000000e-030	1.000000e-030	3.384082e-001	1.000000e-030	1.000000e-030	1.000000e-030	1.000000e-030	1.000000e-030	1.000000e-030	1.000000e-030	1.000000e-030	1.000000e-030	1.000000e-030	
1.000000e-030	8.866223e-002	1.000000e-030	1.000000e-030	1.000000e-030	1.000000e-030	1.000000e-030	1.794744e-001	1.000000e-030	2.806524e-001	1.000000e-030	1.000000e-030	5.761649e-002	1.000000e-030	1.000000e-030	1.000000e-030	1.000000e-030	1.000000e-030	1.000000e-030	1.249241e-014	6.559908e-002	2.623963e-001	1.000000e-030	1.000000e-030	1.000000e-030	1.000000e-030	1.000000e-030	1.000000e-030	6.559908e-002	1.000000e-030	1.000000e-030	1.000000e-030	
1.000000e-030	1.000000e-030	1.000000e-030	5.895717e-002	1.000000e-030	1.000000e-030	1.000000e-030	1.218066e-001	1.000000e-030	9.521734e-002	1.000000e-030	5.895717e-002	4.601147e-002	1.473929e-002	1.000000e-030	1.473929e-002	2.947859e-002	2.947859e-002	1.000000e-030	8.843576e-002	8.843576e-002	1.473929e-001	1.000000e-030	1.000000e-030	8.843576e-002	1.000000e-030	1.000000e-030	7.369646e-002	4.421788e-002	1.000000e-030	1.000000e-030	1.000000e-030	
