8.000000e-001	2.000000e-001	0.000000e+000	0.000000e+000	0.000000e+000	
0.000000e+000	8.333333e-001	1.666667e-001	0.000000e+000	0.000000e+000	
0.000000e+000	0.000000e+000	8.769080e-001	1.230920e-001	0.000000e+000	
0.000000e+000	0.000000e+000	0.000000e+000	9.279331e-001	7.206690e-002	
0.000000e+000	0.000000e+000	0.000000e+000	0.000000e+000	1.000000e+000	
1.000000e-030	2.000000e-001	1.000000e-030	1.000000e-030	1.000000e-030	1.000000e-030	1.000000e-030	1.000000e-030	1.000000e-030	6.000000e-001	1.000000e-030	1.000000e-030	1.000000e-030	1.000000e-030	1.000000e-030	1.000000e-030	1.000000e-030	1.000000e-030	1.000000e-030	1.000000e-030	2.000000e-001	1.000000e-030	1.000000e-030	1.000000e-030	1.000000e-030	1.000000e-030	1.000000e-030	1.000000e-030	1.000000e-030	1.000000e-030	1.000000e-030	1.000000e-030	
1.000000e-030	2.241627e-014	1.000000e-030	1.000000e-030	1.000000e-030	5.000000e-001	1.000000e-030	1.000000e-030	1.000000e-030	1.000000e-030	1.000000e-030	1.000000e-030	3.333333e-001	1.000000e-030	1.000000e-030	1.000000e-030	1.000000e-030	1.000000e-030	1.000000e-030	1.000000e-030	1.000000e-030	1.666667e-001	1.000000e-030	1.000000e-030	1.000000e-030	1.000000e-030	1.000000e-030	1.000000e-030	1.000000e-030	1.000000e-030	1.000000e-030	1.000000e-030	
1.000000e-030	1.672925e-001	1.000000e-030	1.000000e-030	1.230920e-001	1.230920e-001	1.000000e-030	1.000000e-030	1.000000e-030	1.230920e-001	1.000000e-030	1.000000e-030	1.000000e-030	1.000000e-030	1.000000e-030	1.000000e-030	1.000000e-030	1.000000e-030	1.000000e-030	1.000000e-030	3.403395e-001	1.000000e-030	1.000000e-030	1.000000e-030	1.000000e-030	1.000000e-030	1.000000e-030	1.000000e-030	1.230920e-001	1.000000e-030	1.000000e-030	1.000000e-030	
1.000000e-030	4.785902e-001	1.000000e-030	1.441338e-001	1.000000e-030	1.000000e-030	1.000000e-030	1.000000e-030	1.000000e-030	1.000000e-030	7.206690e-002	1.000000e-030	1.000000e-030	1.000000e-030	1.000000e-030	1.000000e-030	1.000000e-030	2.162007e-001	1.000000e-030	1.000000e-030	8.900845e-002	1.000000e-030	1.000000e-030	1.000000e-030	1.000000e-030	1.000000e-030	1.000000e-030	1.000000e-030	1.000000e-030	1.000000e-030	1.000000e-030	1.000000e-030	
1.000000e-030	1.818182e-001	6.060606e-002	1.363636e-001	4.545455e-002	1.363636e-001	1.000000e-030	1.000000e-030	4.545455e-002	6.060606e-002	1.000000e-030	1.515152e-002	4.545455e-002	1.000000e-030	1.000000e-030	1.000000e-030	3.030303e-002	1.000000e-030	1.000000e-030	3.030303e-002	4.545455e-002	6.060606e-002	1.000000e-030	1.000000e-030	7.575758e-002	1.000000e-030	1.000000e-030	1.000000e-030	3.030303e-002	1.000000e-030	1.000000e-030	1.000000e-030	
