8.110764e-001	1.889236e-001	0.000000e+000	0.000000e+000	0.000000e+000	
0.000000e+000	8.609223e-001	1.390777e-001	0.000000e+000	0.000000e+000	
0.000000e+000	0.000000e+000	8.543083e-001	1.456917e-001	0.000000e+000	
0.000000e+000	0.000000e+000	0.000000e+000	9.528922e-001	4.710784e-002	
0.000000e+000	0.000000e+000	0.000000e+000	0.000000e+000	1.000000e+000	
1.000000e-030	1.034475e-009	1.000000e-030	1.859730e-001	3.438721e-013	1.000000e-030	1.000000e-030	1.000000e-030	1.000000e-030	3.475579e-001	1.000000e-030	1.000000e-030	1.150907e-002	1.000000e-030	1.000000e-030	1.000000e-030	1.000000e-030	1.000000e-030	1.000000e-030	4.901573e-016	2.463035e-001	2.086565e-001	1.000000e-030	1.000000e-030	1.000000e-030	1.000000e-030	1.000000e-030	1.000000e-030	1.000000e-030	1.000000e-030	1.000000e-030	1.000000e-030	
1.000000e-030	4.533245e-003	1.000000e-030	1.999966e-001	5.603977e-004	5.987783e-015	1.000000e-030	1.000000e-030	1.000000e-030	2.219948e-002	1.000000e-030	1.000000e-030	4.401172e-001	1.000000e-030	1.000000e-030	1.000000e-030	1.000000e-030	1.000000e-030	1.000000e-030	1.023864e-004	1.747539e-001	1.577368e-001	1.000000e-030	1.000000e-030	1.000000e-030	1.000000e-030	1.000000e-030	1.000000e-030	1.000000e-030	1.000000e-030	1.000000e-030	1.000000e-030	
1.000000e-030	1.349358e-001	1.000000e-030	1.670883e-001	1.306348e-001	7.908253e-006	1.000000e-030	8.409100e-021	1.000000e-030	4.790297e-002	1.000000e-030	1.000000e-030	1.110023e-001	3.258603e-029	1.000000e-030	1.000000e-030	1.000000e-030	1.000000e-030	1.000000e-030	1.224958e-001	6.359136e-002	2.223408e-001	1.000000e-030	1.000000e-030	1.000000e-030	1.000000e-030	1.000000e-030	1.000000e-030	1.000000e-030	1.000000e-030	1.000000e-030	1.000000e-030	
1.000000e-030	2.374049e-001	1.000000e-030	6.472826e-002	4.678654e-003	1.412356e-001	1.000000e-030	1.864774e-005	1.000000e-030	2.895934e-001	1.000000e-030	1.000000e-030	9.441390e-002	3.057415e-008	1.000000e-030	1.000000e-030	1.000000e-030	1.000000e-030	1.000000e-030	7.465457e-003	5.207659e-002	1.083846e-001	1.000000e-030	6.073352e-012	1.000000e-030	4.719339e-023	1.000000e-030	1.000000e-030	1.000000e-030	1.230653e-016	1.000000e-030	1.000000e-030	
1.000000e-030	3.425981e-002	1.000000e-030	3.520228e-002	4.187638e-013	1.027269e-001	1.000000e-030	5.134117e-002	1.000000e-030	6.032448e-002	1.000000e-030	1.000000e-030	3.437631e-002	1.711597e-002	1.000000e-030	1.000000e-030	3.423196e-002	1.000000e-030	1.000000e-030	1.026959e-001	1.180627e-001	1.529228e-001	1.000000e-030	1.711598e-002	8.557990e-002	6.846392e-002	1.000000e-030	6.846392e-002	1.000000e-030	1.711598e-002	1.000000e-030	1.000000e-030	
