8.146316e-001	1.853684e-001	0.000000e+000	0.000000e+000	0.000000e+000	
0.000000e+000	7.828607e-001	2.171393e-001	0.000000e+000	0.000000e+000	
0.000000e+000	0.000000e+000	8.571429e-001	1.428571e-001	0.000000e+000	
0.000000e+000	0.000000e+000	0.000000e+000	9.304420e-001	6.955804e-002	
0.000000e+000	0.000000e+000	0.000000e+000	0.000000e+000	1.000000e+000	
1.000000e-030	1.853684e-001	1.000000e-030	1.000000e-030	1.000000e-030	1.000000e-030	1.000000e-030	1.000000e-030	1.000000e-030	6.292632e-001	1.000000e-030	1.000000e-030	1.000000e-030	1.000000e-030	1.000000e-030	1.000000e-030	1.000000e-030	1.000000e-030	1.000000e-030	1.000000e-030	1.853684e-001	1.154541e-029	1.000000e-030	1.000000e-030	1.000000e-030	1.000000e-030	1.000000e-030	1.000000e-030	1.000000e-030	1.000000e-030	1.000000e-030	1.000000e-030	
1.000000e-030	1.000000e-030	1.000000e-030	1.342309e-016	1.000000e-030	1.000000e-030	1.000000e-030	2.171393e-001	1.000000e-030	3.485820e-001	1.000000e-030	1.000000e-030	1.000000e-030	1.000000e-030	1.000000e-030	1.000000e-030	1.000000e-030	1.000000e-030	1.000000e-030	1.000000e-030	7.223565e-025	4.342787e-001	1.000000e-030	1.000000e-030	1.000000e-030	1.000000e-030	1.000000e-030	1.000000e-030	1.000000e-030	1.000000e-030	1.000000e-030	1.000000e-030	
1.000000e-030	1.000000e-030	1.000000e-030	4.285714e-001	1.428571e-001	8.398157e-021	1.000000e-030	1.000000e-030	1.000000e-030	3.368349e-018	1.000000e-030	1.000000e-030	2.857143e-001	1.000000e-030	1.000000e-030	1.000000e-030	1.000000e-030	1.000000e-030	1.000000e-030	1.000000e-030	1.000000e-030	1.000000e-030	1.000000e-030	1.000000e-030	1.000000e-030	1.000000e-030	1.000000e-030	1.000000e-030	1.428571e-001	1.000000e-030	1.000000e-030	1.000000e-030	
1.000000e-030	1.000000e-030	1.000000e-030	1.000000e-030	1.000000e-030	3.476157e-001	1.000000e-030	1.391161e-001	1.000000e-030	6.944801e-002	1.000000e-030	1.000000e-030	1.467128e-028	1.000000e-030	1.000000e-030	1.000000e-030	1.000000e-030	1.000000e-030	1.000000e-030	1.065152e-001	3.373051e-001	3.649272e-029	1.000000e-030	1.000000e-030	1.000000e-030	1.000000e-030	1.000000e-030	1.000000e-030	1.000000e-030	1.000000e-030	1.000000e-030	1.000000e-030	
1.000000e-030	1.183020e-001	2.957551e-002	1.035143e-001	2.957551e-002	5.918812e-002	1.000000e-030	1.000000e-030	1.000000e-030	8.874992e-002	1.000000e-030	1.478776e-002	5.915102e-002	1.000000e-030	1.000000e-030	1.000000e-030	1.478776e-002	2.957551e-002	1.000000e-030	6.608184e-002	7.616787e-002	1.330898e-001	1.478776e-002	1.000000e-030	5.915102e-002	1.000000e-030	5.915102e-002	2.957551e-002	1.478776e-002	1.000000e-030	1.000000e-030	1.000000e-030	
