8.333333e-001	1.666667e-001	0.000000e+000	0.000000e+000	0.000000e+000	
0.000000e+000	5.420456e-001	4.579544e-001	0.000000e+000	0.000000e+000	
0.000000e+000	0.000000e+000	8.720635e-001	1.279365e-001	0.000000e+000	
0.000000e+000	0.000000e+000	0.000000e+000	9.375000e-001	6.250000e-002	
0.000000e+000	0.000000e+000	0.000000e+000	0.000000e+000	1.000000e+000	
1.000000e-030	1.666667e-001	1.000000e-030	1.000000e-030	1.000000e-030	1.666667e-001	1.000000e-030	1.000000e-030	1.000000e-030	3.333333e-001	1.000000e-030	1.000000e-030	1.000000e-030	1.666667e-001	1.000000e-030	1.000000e-030	1.000000e-030	1.000000e-030	1.000000e-030	1.000000e-030	1.000000e-030	1.666667e-001	1.000000e-030	1.000000e-030	1.000000e-030	1.000000e-030	1.000000e-030	1.000000e-030	1.000000e-030	1.000000e-030	1.000000e-030	1.000000e-030	
1.000000e-030	1.000000e-030	1.000000e-030	1.000000e-030	1.000000e-030	1.000000e-030	1.000000e-030	1.000000e-030	1.000000e-030	1.429145e-014	1.000000e-030	1.000000e-030	8.409125e-002	1.000000e-030	1.000000e-030	1.000000e-030	1.000000e-030	1.000000e-030	1.000000e-030	1.000000e-030	1.000000e-030	1.000000e-030	1.000000e-030	1.000000e-030	1.000000e-030	1.000000e-030	1.000000e-030	1.000000e-030	9.159088e-001	1.000000e-030	1.000000e-030	1.000000e-030	
1.000000e-030	1.000000e-030	1.000000e-030	2.558730e-001	1.279365e-001	1.279365e-001	1.000000e-030	2.558730e-001	1.000000e-030	1.000000e-030	1.000000e-030	1.000000e-030	2.323809e-001	1.000000e-030	1.000000e-030	1.000000e-030	1.000000e-030	1.000000e-030	1.000000e-030	1.000000e-030	1.000000e-030	1.000000e-030	1.000000e-030	1.000000e-030	1.000000e-030	1.000000e-030	1.000000e-030	1.000000e-030	1.000000e-030	1.000000e-030	1.000000e-030	1.000000e-030	
1.000000e-030	1.000000e-030	1.000000e-030	1.000000e-030	1.000000e-030	1.000000e-030	1.000000e-030	1.000000e-030	1.000000e-030	2.500000e-001	1.000000e-030	1.000000e-030	6.250000e-002	1.000000e-030	1.000000e-030	1.000000e-030	1.000000e-030	1.875000e-001	1.000000e-030	1.000000e-030	2.500000e-001	1.875000e-001	1.000000e-030	1.000000e-030	1.000000e-030	1.000000e-030	1.000000e-030	6.250000e-002	1.000000e-030	1.000000e-030	1.000000e-030	1.000000e-030	
1.000000e-030	1.000000e-030	1.000000e-030	4.477612e-002	1.000000e-030	4.477612e-002	1.000000e-030	1.044776e-001	2.985075e-002	1.044776e-001	1.000000e-030	1.492537e-002	4.477612e-002	5.970149e-002	1.000000e-030	5.970149e-002	1.492537e-002	1.000000e-030	1.000000e-030	1.492537e-002	5.970149e-002	7.462687e-002	1.000000e-030	5.970149e-002	1.194030e-001	4.477612e-002	1.492537e-002	1.000000e-030	4.477612e-002	1.492537e-002	1.000000e-030	2.985075e-002	
