6.915434e-001	3.084566e-001	0.000000e+000	0.000000e+000	0.000000e+000	
0.000000e+000	8.975205e-001	1.024795e-001	0.000000e+000	0.000000e+000	
0.000000e+000	0.000000e+000	8.333334e-001	1.666666e-001	0.000000e+000	
0.000000e+000	0.000000e+000	0.000000e+000	9.241588e-001	7.584122e-002	
0.000000e+000	0.000000e+000	0.000000e+000	0.000000e+000	1.000000e+000	
1.000000e-030	1.000000e-030	1.000000e-030	3.084566e-001	1.000000e-030	1.000000e-030	1.000000e-030	1.000000e-030	1.000000e-030	7.463009e-002	1.000000e-030	1.000000e-030	1.000000e-030	3.084566e-001	1.000000e-030	3.084566e-001	1.000000e-030	1.000000e-030	1.000000e-030	1.000000e-030	1.000000e-030	1.000000e-030	1.000000e-030	1.000000e-030	1.000000e-030	1.000000e-030	1.000000e-030	1.000000e-030	1.000000e-030	1.000000e-030	1.000000e-030	1.000000e-030	
1.000000e-030	1.024795e-001	1.000000e-030	1.000000e-030	1.000000e-030	1.000000e-030	1.000000e-030	3.074384e-001	1.000000e-030	1.801643e-001	1.000000e-030	1.000000e-030	2.049589e-001	1.000000e-030	1.000000e-030	1.000000e-030	1.000000e-030	1.000000e-030	1.000000e-030	1.000000e-030	1.000000e-030	2.049589e-001	1.000000e-030	1.000000e-030	1.000000e-030	1.000000e-030	1.000000e-030	1.000000e-030	1.000000e-030	1.000000e-030	1.000000e-030	1.000000e-030	
1.000000e-030	1.000000e-030	1.000000e-030	1.000000e-030	1.000000e-030	1.000000e-030	1.000000e-030	2.500958e-007	1.000000e-030	1.666666e-001	1.000000e-030	1.000000e-030	1.666666e-001	1.000000e-030	1.000000e-030	1.000000e-030	1.000000e-030	1.000000e-030	1.000000e-030	3.333332e-001	1.666666e-001	1.000000e-030	1.000000e-030	1.000000e-030	1.000000e-030	1.000000e-030	1.000000e-030	1.000000e-030	1.666666e-001	1.000000e-030	1.000000e-030	1.000000e-030	
1.000000e-030	1.000000e-030	1.000000e-030	3.033649e-001	1.000000e-030	1.000000e-030	1.000000e-030	1.516823e-001	1.000000e-030	7.584122e-002	1.000000e-030	7.584122e-002	1.000000e-030	1.000000e-030	1.000000e-030	7.584122e-002	1.000000e-030	1.000000e-030	1.000000e-030	7.584122e-002	1.406429e-002	2.275237e-001	1.000000e-030	1.000000e-030	1.000000e-030	1.000000e-030	1.000000e-030	1.000000e-030	1.000000e-030	1.000000e-030	1.000000e-030	1.000000e-030	
1.000000e-030	2.993360e-002	1.000000e-030	4.490040e-002	5.986719e-002	7.483399e-002	1.000000e-030	2.993360e-002	1.496680e-002	1.646348e-001	1.000000e-030	5.986719e-002	1.347012e-001	1.000000e-030	1.000000e-030	1.000000e-030	4.490040e-002	1.000000e-030	1.000000e-030	1.000000e-030	5.709169e-002	1.496680e-002	1.000000e-030	1.000000e-030	1.347012e-001	1.496680e-002	1.000000e-030	1.000000e-030	1.197344e-001	1.000000e-030	1.000000e-030	1.000000e-030	
