7.729258e-001	2.270742e-001	0.000000e+000	0.000000e+000	0.000000e+000	
0.000000e+000	7.923461e-001	2.076539e-001	0.000000e+000	0.000000e+000	
0.000000e+000	0.000000e+000	9.217555e-001	7.824452e-002	0.000000e+000	
0.000000e+000	0.000000e+000	0.000000e+000	9.250974e-001	7.490264e-002	
0.000000e+000	0.000000e+000	0.000000e+000	0.000000e+000	1.000000e+000	
1.000000e-030	1.000000e-030	1.000000e-030	2.270742e-001	1.000000e-030	1.000000e-030	1.000000e-030	2.270742e-001	1.000000e-030	1.000000e-030	1.000000e-030	1.000000e-030	1.000000e-030	1.000000e-030	1.000000e-030	2.664958e-001	1.000000e-030	1.000000e-030	1.000000e-030	1.000000e-030	5.228152e-002	1.000000e-030	1.000000e-030	1.000000e-030	1.000000e-030	1.000000e-030	1.000000e-030	1.000000e-030	1.000000e-030	2.270742e-001	1.000000e-030	1.000000e-030	
1.000000e-030	1.000000e-030	1.000000e-030	1.000000e-030	1.000000e-030	1.000000e-030	1.000000e-030	1.000000e-030	1.000000e-030	1.000000e-030	1.000000e-030	1.000000e-030	4.559083e-002	1.000000e-030	1.000000e-030	3.792577e-001	1.000000e-030	1.000000e-030	1.000000e-030	1.000000e-030	3.674976e-001	2.076539e-001	1.000000e-030	1.000000e-030	1.000000e-030	1.000000e-030	1.000000e-030	1.000000e-030	1.000000e-030	1.000000e-030	1.000000e-030	1.000000e-030	
1.000000e-030	1.000000e-030	1.000000e-030	1.000000e-030	1.000000e-030	7.824452e-002	1.000000e-030	3.912226e-001	1.000000e-030	1.000000e-030	1.000000e-030	1.000000e-030	1.393103e-001	1.000000e-030	1.000000e-030	7.824452e-002	1.000000e-030	1.000000e-030	1.000000e-030	7.824452e-002	1.000000e-030	7.824452e-002	1.000000e-030	1.000000e-030	1.000000e-030	1.000000e-030	1.000000e-030	1.000000e-030	1.000000e-030	7.824452e-002	1.000000e-030	7.824452e-002	
1.000000e-030	1.000000e-030	1.000000e-030	1.000000e-030	1.000000e-030	1.000000e-030	1.000000e-030	1.000000e-030	1.000000e-030	1.000000e-030	1.000000e-030	1.000000e-030	1.000000e-030	4.457384e-001	1.000000e-030	7.490124e-002	1.000000e-030	1.000000e-030	1.000000e-030	1.000000e-030	1.000000e-030	1.048472e-001	1.000000e-030	1.498053e-001	1.000000e-030	1.000000e-030	1.000000e-030	1.000000e-030	1.000000e-030	1.000000e-030	1.000000e-030	2.247079e-001	
1.000000e-030	6.284433e-002	1.000000e-030	4.713325e-002	4.713325e-002	1.571108e-002	1.000000e-030	3.142217e-002	1.571108e-002	4.713325e-002	1.000000e-030	1.571108e-002	7.855542e-002	1.648244e-002	1.000000e-030	3.142246e-002	4.713325e-002	4.713325e-002	1.000000e-030	6.284433e-002	6.284433e-002	1.194077e-001	1.000000e-030	1.000000e-030	1.256887e-001	3.142217e-002	1.000000e-030	3.142217e-002	6.284433e-002	1.000000e-030	1.000000e-030	1.000000e-030	
