6.666667e-001	3.333333e-001	0.000000e+000	0.000000e+000	0.000000e+000	
0.000000e+000	8.675820e-001	1.324180e-001	0.000000e+000	0.000000e+000	
0.000000e+000	0.000000e+000	9.042893e-001	9.571068e-002	0.000000e+000	
0.000000e+000	0.000000e+000	0.000000e+000	9.196858e-001	8.031417e-002	
0.000000e+000	0.000000e+000	0.000000e+000	0.000000e+000	1.000000e+000	
1.000000e-030	6.666667e-001	1.000000e-030	1.000000e-030	1.000000e-030	3.333333e-001	1.000000e-030	1.000000e-030	1.000000e-030	1.000000e-030	1.000000e-030	1.000000e-030	1.000000e-030	1.000000e-030	1.000000e-030	1.000000e-030	1.000000e-030	1.000000e-030	1.000000e-030	1.000000e-030	1.000000e-030	1.000000e-030	1.000000e-030	1.000000e-030	1.000000e-030	1.000000e-030	1.000000e-030	1.000000e-030	1.000000e-030	1.000000e-030	1.000000e-030	1.000000e-030	
1.000000e-030	1.000000e-030	1.000000e-030	7.351641e-001	1.000000e-030	1.000000e-030	1.000000e-030	1.000000e-030	1.000000e-030	1.000000e-030	1.000000e-030	1.324180e-001	1.000000e-030	1.000000e-030	1.000000e-030	1.000000e-030	1.000000e-030	1.000000e-030	1.000000e-030	1.000000e-030	1.324180e-001	1.000000e-030	1.000000e-030	1.000000e-030	1.000000e-030	1.000000e-030	1.000000e-030	1.000000e-030	1.000000e-030	1.000000e-030	1.000000e-030	1.000000e-030	
1.000000e-030	9.571068e-002	1.000000e-030	2.343145e-001	1.000000e-030	3.947125e-023	1.000000e-030	1.000000e-030	1.000000e-030	2.871320e-001	1.000000e-030	1.000000e-030	1.000000e-030	1.000000e-030	1.000000e-030	1.000000e-030	1.000000e-030	1.000000e-030	1.000000e-030	9.571068e-002	2.871320e-001	1.000000e-030	1.000000e-030	1.000000e-030	1.000000e-030	1.000000e-030	1.000000e-030	1.000000e-030	1.000000e-030	1.000000e-030	1.000000e-030	1.000000e-030	
1.000000e-030	1.000000e-030	1.000000e-030	1.165442e-001	2.409425e-001	1.606283e-001	1.000000e-030	1.000000e-030	1.000000e-030	1.606283e-001	1.000000e-030	1.000000e-030	1.197645e-015	1.000000e-030	1.000000e-030	1.000000e-030	1.000000e-030	2.409425e-001	1.000000e-030	1.000000e-030	1.000000e-030	8.031417e-002	1.000000e-030	1.000000e-030	1.000000e-030	1.000000e-030	1.000000e-030	1.000000e-030	1.000000e-030	1.000000e-030	1.000000e-030	1.000000e-030	
1.000000e-030	1.373021e-001	1.525579e-002	1.304201e-001	9.153472e-002	1.678137e-001	1.000000e-030	1.525579e-002	1.067905e-001	9.153472e-002	1.000000e-030	1.525579e-002	4.576736e-002	1.000000e-030	1.000000e-030	1.000000e-030	3.051157e-002	1.000000e-030	1.000000e-030	3.051157e-002	3.051157e-002	1.525579e-002	1.000000e-030	1.000000e-030	3.051157e-002	1.000000e-030	1.000000e-030	1.000000e-030	4.576736e-002	1.000000e-030	1.000000e-030	1.000000e-030	
