7.194540e-001	2.805460e-001	0.000000e+000	0.000000e+000	0.000000e+000	
0.000000e+000	8.426231e-001	1.573769e-001	0.000000e+000	0.000000e+000	
0.000000e+000	0.000000e+000	9.184514e-001	8.154865e-002	0.000000e+000	
0.000000e+000	0.000000e+000	0.000000e+000	8.744935e-001	1.255065e-001	
0.000000e+000	0.000000e+000	0.000000e+000	0.000000e+000	1.000000e+000	
1.000000e-030	1.000000e-030	1.000000e-030	1.000000e-030	1.000000e-030	1.000000e-030	1.000000e-030	1.000000e-030	1.000000e-030	2.354988e-001	1.000000e-030	1.000000e-030	2.160549e-002	1.000000e-030	1.000000e-030	1.000000e-030	1.000000e-030	8.953566e-019	1.000000e-030	5.610921e-001	1.000000e-030	1.818036e-001	1.000000e-030	1.000000e-030	1.000000e-030	1.000000e-030	1.000000e-030	1.000000e-030	1.000000e-030	1.000000e-030	1.000000e-030	1.000000e-030	
1.000000e-030	4.739824e-002	1.000000e-030	2.545529e-001	1.000000e-030	2.182082e-016	1.000000e-030	1.000000e-030	1.000000e-030	1.826469e-001	1.000000e-030	1.000000e-030	3.026338e-001	1.000000e-030	1.000000e-030	1.000000e-030	1.000000e-030	1.573769e-001	1.000000e-030	1.342586e-018	1.000000e-030	5.539121e-002	1.000000e-030	1.000000e-030	1.000000e-030	1.000000e-030	1.000000e-030	1.000000e-030	1.000000e-030	1.000000e-030	1.000000e-030	1.000000e-030	
1.000000e-030	5.698810e-002	1.000000e-030	1.127432e-001	1.000000e-030	5.516252e-001	1.000000e-030	8.154865e-002	1.000000e-030	1.155462e-001	1.000000e-030	1.000000e-030	2.756216e-014	1.000000e-030	1.000000e-030	1.000000e-030	1.000000e-030	4.249772e-014	1.000000e-030	1.000000e-030	1.000000e-030	8.154865e-002	1.000000e-030	1.000000e-030	1.000000e-030	1.000000e-030	1.000000e-030	1.000000e-030	1.000000e-030	1.000000e-030	1.000000e-030	1.000000e-030	
1.000000e-030	3.408827e-008	1.000000e-030	2.133331e-015	1.221353e-001	2.024640e-001	1.000000e-030	1.000000e-030	1.000000e-030	1.149156e-001	1.000000e-030	1.000000e-030	3.597023e-001	1.000000e-030	1.000000e-030	1.000000e-030	1.000000e-030	1.000000e-030	1.000000e-030	1.000000e-030	7.574652e-002	1.000000e-030	1.000000e-030	1.000000e-030	1.000000e-030	1.000000e-030	1.000000e-030	1.000000e-030	1.250362e-001	1.000000e-030	1.000000e-030	1.000000e-030	
1.000000e-030	1.016688e-001	1.452411e-002	5.809646e-002	4.396247e-002	1.978541e-001	1.000000e-030	1.000000e-030	2.904823e-002	3.874287e-002	1.000000e-030	1.452411e-002	6.004261e-002	1.000000e-030	1.000000e-030	1.000000e-030	5.809646e-002	5.809646e-002	1.000000e-030	1.452411e-002	1.219513e-001	1.016688e-001	1.000000e-030	1.000000e-030	4.357234e-002	1.000000e-030	1.000000e-030	2.904823e-002	1.457854e-002	1.000000e-030	1.000000e-030	1.000000e-030	
