8.488574e-001	1.511426e-001	0.000000e+000	0.000000e+000	0.000000e+000	
0.000000e+000	7.379389e-001	2.620611e-001	0.000000e+000	0.000000e+000	
0.000000e+000	0.000000e+000	8.825196e-001	1.174804e-001	0.000000e+000	
0.000000e+000	0.000000e+000	0.000000e+000	9.461056e-001	5.389441e-002	
0.000000e+000	0.000000e+000	0.000000e+000	0.000000e+000	1.000000e+000	
1.000000e-030	1.000000e-030	1.000000e-030	5.449924e-006	3.705771e-001	3.458963e-001	1.000000e-030	1.000000e-030	1.000000e-030	8.325857e-008	1.000000e-030	1.421162e-001	2.270975e-024	1.000000e-030	1.000000e-030	1.000000e-030	1.000000e-030	1.000000e-030	1.000000e-030	1.408314e-001	5.734831e-004	1.000000e-030	1.000000e-030	1.000000e-030	1.000000e-030	1.000000e-030	1.000000e-030	1.000000e-030	1.000000e-030	1.000000e-030	1.000000e-030	1.000000e-030	
1.000000e-030	7.741332e-015	1.000000e-030	1.016081e-001	1.380590e-001	2.475671e-001	1.000000e-030	5.975067e-018	1.000000e-030	5.358952e-002	1.000000e-030	2.640973e-001	3.813948e-006	1.000000e-030	1.000000e-030	1.000000e-030	1.000000e-030	1.000000e-030	1.000000e-030	1.787822e-002	1.771968e-001	5.737318e-010	1.000000e-030	1.000000e-030	1.000000e-030	1.000000e-030	1.000000e-030	1.000000e-030	2.195784e-030	1.000000e-030	1.000000e-030	1.000000e-030	
1.000000e-030	3.307844e-004	1.000000e-030	2.673725e-001	8.035305e-002	2.583631e-001	1.000000e-030	1.162379e-004	1.000000e-030	2.042768e-001	1.000000e-030	6.103012e-003	3.407816e-002	1.000000e-030	1.000000e-030	1.000000e-030	1.000000e-030	2.770778e-019	1.000000e-030	5.654415e-008	1.440346e-001	4.971502e-003	1.000000e-030	1.000000e-030	1.000000e-030	1.000000e-030	1.000000e-030	1.000000e-030	8.275063e-008	1.000000e-030	1.000000e-030	1.000000e-030	
1.000000e-030	5.374266e-002	1.000000e-030	1.791919e-001	1.818254e-002	1.756798e-001	1.000000e-030	5.384105e-002	1.000000e-030	2.999337e-001	1.000000e-030	8.557451e-008	3.826019e-002	1.000000e-030	1.000000e-030	1.000000e-030	1.000000e-030	2.005530e-005	1.000000e-030	3.188301e-020	2.006836e-002	5.766309e-002	1.000000e-030	1.000000e-030	6.666106e-019	1.000000e-030	1.000000e-030	4.411132e-013	1.034166e-001	1.000000e-030	1.000000e-030	1.000000e-030	
1.000000e-030	2.198959e-010	1.000000e-030	4.896634e-002	9.755943e-002	1.025652e-001	1.000000e-030	8.808296e-009	1.625991e-002	8.929096e-002	1.000000e-030	1.625991e-002	1.138193e-001	1.000000e-030	1.000000e-030	1.000000e-030	1.000000e-030	4.877367e-002	3.251981e-002	4.877972e-002	9.303340e-002	9.573434e-002	1.000000e-030	1.000000e-030	1.300792e-001	1.625991e-002	1.000000e-030	1.625991e-002	3.383890e-002	1.000000e-030	1.000000e-030	1.000000e-030	
