8.021642e-001	1.978358e-001	0.000000e+000	0.000000e+000	0.000000e+000	
0.000000e+000	8.740041e-001	1.259959e-001	0.000000e+000	0.000000e+000	
0.000000e+000	0.000000e+000	9.389861e-001	6.101391e-002	0.000000e+000	
0.000000e+000	0.000000e+000	0.000000e+000	9.143682e-001	8.563177e-002	
0.000000e+000	0.000000e+000	0.000000e+000	0.000000e+000	1.000000e+000	
1.000000e-030	1.000000e-030	1.000000e-030	1.000000e-030	1.085195e-016	3.966330e-001	1.000000e-030	1.000000e-030	1.000000e-030	1.000000e-030	1.000000e-030	1.000000e-030	1.977859e-001	1.000000e-030	1.000000e-030	1.000000e-030	1.000000e-030	1.000000e-030	1.000000e-030	1.000000e-030	1.003144e-002	3.955496e-001	1.000000e-030	1.000000e-030	1.000000e-030	1.000000e-030	1.000000e-030	1.000000e-030	1.000000e-030	1.000000e-030	1.000000e-030	1.000000e-030	
1.000000e-030	1.000000e-030	1.000000e-030	7.129672e-008	1.259959e-001	3.773755e-001	1.000000e-030	1.000000e-030	1.000000e-030	1.000000e-030	1.000000e-030	1.000000e-030	1.249518e-001	1.000000e-030	1.000000e-030	1.000000e-030	1.000000e-030	1.000000e-030	1.000000e-030	1.000000e-030	3.715991e-001	7.761807e-005	1.000000e-030	1.000000e-030	1.000000e-030	1.000000e-030	1.000000e-030	1.000000e-030	1.000000e-030	1.000000e-030	1.000000e-030	1.000000e-030	
1.000000e-030	7.831687e-002	1.000000e-030	3.050695e-001	1.000000e-030	7.593777e-017	1.000000e-030	1.000000e-030	1.000000e-030	4.270947e-001	1.000000e-030	1.000000e-030	5.209931e-004	1.390345e-016	1.000000e-030	1.000000e-030	1.000000e-030	1.000000e-030	1.000000e-030	1.000000e-030	1.279840e-001	6.101391e-002	1.000000e-030	1.000000e-030	1.000000e-030	1.000000e-030	1.000000e-030	1.000000e-030	1.000000e-030	1.000000e-030	1.000000e-030	1.000000e-030	
1.000000e-030	3.082004e-001	1.000000e-030	1.000000e-030	1.712635e-001	8.563177e-002	1.000000e-030	1.000000e-030	1.000000e-030	3.717000e-006	3.930792e-017	1.510108e-002	1.000000e-030	8.563177e-002	1.000000e-030	1.000000e-030	1.000000e-030	8.563177e-002	1.000000e-030	1.000000e-030	2.485359e-001	1.000000e-030	1.000000e-030	1.000000e-030	1.000000e-030	1.000000e-030	1.000000e-030	1.000000e-030	1.000000e-030	1.000000e-030	1.000000e-030	1.000000e-030	
1.000000e-030	3.654193e-002	1.725896e-002	8.629479e-002	1.000000e-030	1.380717e-001	1.000000e-030	1.000000e-030	1.000000e-030	1.553306e-001	1.725896e-002	3.147432e-002	1.208127e-001	1.000000e-030	1.000000e-030	1.000000e-030	1.000000e-030	4.931746e-023	3.451792e-002	1.725896e-002	6.903583e-002	6.903583e-002	1.000000e-030	1.000000e-030	5.177688e-002	1.725896e-002	6.903583e-002	1.000000e-030	6.903583e-002	1.000000e-030	1.000000e-030	1.000000e-030	
