7.500000e-001	2.500000e-001	0.000000e+000	0.000000e+000	0.000000e+000	
0.000000e+000	8.571429e-001	1.428571e-001	0.000000e+000	0.000000e+000	
0.000000e+000	0.000000e+000	8.436796e-001	1.563204e-001	0.000000e+000	
0.000000e+000	0.000000e+000	0.000000e+000	9.311534e-001	6.884660e-002	
0.000000e+000	0.000000e+000	0.000000e+000	0.000000e+000	1.000000e+000	
1.000000e-030	1.000000e-030	1.000000e-030	5.000000e-001	1.000000e-030	2.500000e-001	1.000000e-030	2.500000e-001	1.000000e-030	1.000000e-030	1.000000e-030	1.000000e-030	1.000000e-030	1.000000e-030	1.000000e-030	1.000000e-030	1.000000e-030	1.000000e-030	1.000000e-030	1.000000e-030	1.000000e-030	1.000000e-030	1.000000e-030	1.000000e-030	1.000000e-030	1.000000e-030	1.000000e-030	1.000000e-030	1.000000e-030	1.000000e-030	1.000000e-030	1.000000e-030	
1.000000e-030	2.857143e-001	1.000000e-030	1.000000e-030	1.000000e-030	1.000000e-030	1.000000e-030	1.000000e-030	1.000000e-030	1.000000e-030	1.000000e-030	1.000000e-030	1.428571e-001	1.000000e-030	1.000000e-030	1.000000e-030	1.000000e-030	1.000000e-030	1.000000e-030	1.000000e-030	4.285714e-001	1.000000e-030	1.000000e-030	1.000000e-030	1.000000e-030	1.000000e-030	1.000000e-030	1.000000e-030	1.428571e-001	1.000000e-030	1.000000e-030	1.000000e-030	
1.000000e-030	2.383245e-002	1.000000e-030	3.310169e-001	1.000000e-030	1.000000e-030	1.000000e-030	1.000000e-030	1.000000e-030	3.325099e-001	1.000000e-030	1.000000e-030	3.126408e-001	1.000000e-030	1.000000e-030	1.000000e-030	1.000000e-030	1.000000e-030	1.000000e-030	1.000000e-030	1.000000e-030	1.000000e-030	1.000000e-030	1.000000e-030	1.000000e-030	1.000000e-030	1.000000e-030	1.000000e-030	1.000000e-030	1.000000e-030	1.000000e-030	1.000000e-030	
1.000000e-030	2.259002e-001	1.000000e-030	3.190433e-001	1.000000e-030	1.000000e-030	1.000000e-030	1.000000e-030	1.000000e-030	6.009459e-002	1.000000e-030	1.000000e-030	1.000000e-030	1.000000e-030	1.000000e-030	1.000000e-030	1.000000e-030	1.000000e-030	1.000000e-030	1.000000e-030	1.275096e-001	1.376775e-001	1.000000e-030	1.000000e-030	1.000000e-030	1.000000e-030	1.000000e-030	1.000000e-030	1.297747e-001	1.000000e-030	1.000000e-030	1.000000e-030	
1.000000e-030	1.277073e-001	1.000000e-030	1.080585e-001	1.490805e-002	5.963222e-002	1.000000e-030	2.981611e-002	1.000000e-030	7.454054e-002	1.000000e-030	4.472416e-002	4.472416e-002	1.000000e-030	1.000000e-030	1.000000e-030	1.490805e-002	4.472416e-002	4.472416e-002	7.454027e-002	7.674542e-002	2.981950e-002	1.000000e-030	1.000000e-030	1.192644e-001	2.981611e-002	1.000000e-030	1.000000e-030	6.134688e-002	1.000000e-030	1.000000e-030	1.000000e-030	
