7.500000e-001	2.500000e-001	0.000000e+000	0.000000e+000	0.000000e+000	
0.000000e+000	8.356888e-001	1.643112e-001	0.000000e+000	0.000000e+000	
0.000000e+000	0.000000e+000	8.967984e-001	1.032016e-001	0.000000e+000	
0.000000e+000	0.000000e+000	0.000000e+000	9.450527e-001	5.494734e-002	
0.000000e+000	0.000000e+000	0.000000e+000	0.000000e+000	1.000000e+000	
1.000000e-030	2.500000e-001	1.000000e-030	1.000000e-030	1.000000e-030	1.000000e-030	1.000000e-030	1.000000e-030	1.000000e-030	2.500000e-001	1.000000e-030	1.000000e-030	1.000000e-030	1.000000e-030	1.000000e-030	1.000000e-030	1.000000e-030	1.000000e-030	1.000000e-030	3.245681e-026	2.500000e-001	1.000000e-030	1.000000e-030	1.000000e-030	1.000000e-030	1.000000e-030	1.000000e-030	1.000000e-030	2.500000e-001	1.000000e-030	1.000000e-030	1.000000e-030	
1.000000e-030	1.000000e-030	1.000000e-030	1.000000e-030	1.000000e-030	4.736349e-001	1.000000e-030	1.000000e-030	1.000000e-030	1.000000e-030	1.000000e-030	1.365599e-015	1.525277e-001	1.000000e-030	1.000000e-030	1.000000e-030	1.000000e-030	1.000000e-030	1.000000e-030	3.738374e-001	1.000000e-030	1.000000e-030	1.000000e-030	1.000000e-030	1.000000e-030	1.000000e-030	1.000000e-030	1.000000e-030	1.934686e-016	1.000000e-030	1.000000e-030	1.000000e-030	
1.000000e-030	1.000000e-030	1.000000e-030	1.000000e-030	1.000000e-030	9.438148e-002	1.000000e-030	1.032016e-001	1.000000e-030	1.032016e-001	1.000000e-030	1.032016e-001	2.854073e-001	1.000000e-030	1.000000e-030	1.000000e-030	1.000000e-030	1.000000e-030	1.000000e-030	1.780043e-001	1.000000e-030	1.326019e-001	1.000000e-030	1.000000e-030	1.000000e-030	1.000000e-030	1.000000e-030	1.000000e-030	1.000000e-030	1.000000e-030	1.000000e-030	1.000000e-030	
1.000000e-030	5.494425e-002	1.000000e-030	2.170690e-001	1.647838e-001	1.759873e-001	1.000000e-030	1.000000e-030	1.000000e-030	8.492191e-002	1.000000e-030	1.000000e-030	6.839310e-002	1.000000e-030	1.000000e-030	1.000000e-030	1.000000e-030	1.000000e-030	1.000000e-030	1.000000e-030	5.327591e-002	1.806247e-001	1.000000e-030	1.000000e-030	1.000000e-030	1.000000e-030	1.000000e-030	1.000000e-030	1.000000e-030	1.000000e-030	1.000000e-030	1.000000e-030	
1.000000e-030	1.147081e-001	1.638673e-002	1.482919e-001	1.640408e-002	3.277479e-002	1.000000e-030	1.000000e-030	1.638673e-002	1.549281e-001	1.000000e-030	1.000000e-030	1.739421e-002	1.000000e-030	1.000000e-030	1.000000e-030	3.277347e-002	6.554693e-002	1.000000e-030	6.554693e-002	6.604540e-002	7.255858e-002	1.000000e-030	1.000000e-030	1.147071e-001	1.000000e-030	1.000000e-030	1.638673e-002	4.916020e-002	1.000000e-030	1.000000e-030	1.000000e-030	
