8.571429e-001	1.428571e-001	0.000000e+000	0.000000e+000	0.000000e+000	
0.000000e+000	5.000000e-001	5.000000e-001	0.000000e+000	0.000000e+000	
0.000000e+000	0.000000e+000	8.333333e-001	1.666667e-001	0.000000e+000	
0.000000e+000	0.000000e+000	0.000000e+000	9.485144e-001	5.148560e-002	
0.000000e+000	0.000000e+000	0.000000e+000	0.000000e+000	1.000000e+000	
1.000000e-030	1.000000e-030	1.000000e-030	1.428571e-001	1.000000e-030	1.428571e-001	1.000000e-030	1.000000e-030	1.000000e-030	2.857143e-001	1.000000e-030	1.000000e-030	1.000000e-030	1.000000e-030	1.000000e-030	1.000000e-030	1.000000e-030	1.000000e-030	1.000000e-030	1.000000e-030	4.285714e-001	1.000000e-030	1.000000e-030	1.000000e-030	1.000000e-030	1.000000e-030	1.000000e-030	1.000000e-030	1.000000e-030	1.000000e-030	1.000000e-030	1.000000e-030	
1.000000e-030	1.000000e-030	1.000000e-030	5.000000e-001	1.000000e-030	1.000000e-030	1.000000e-030	1.000000e-030	1.000000e-030	1.000000e-030	1.000000e-030	1.000000e-030	7.653962e-015	1.000000e-030	1.000000e-030	1.000000e-030	1.000000e-030	1.000000e-030	1.000000e-030	5.000000e-001	1.000000e-030	1.000000e-030	1.000000e-030	1.000000e-030	1.000000e-030	1.000000e-030	1.000000e-030	1.000000e-030	1.000000e-030	1.000000e-030	1.000000e-030	1.000000e-030	
1.000000e-030	1.000000e-030	1.000000e-030	1.000000e-030	1.000000e-030	1.000000e-030	1.000000e-030	1.666667e-001	1.000000e-030	1.000000e-030	1.000000e-030	1.000000e-030	3.333333e-001	1.000000e-030	1.000000e-030	1.000000e-030	1.000000e-030	1.000000e-030	1.000000e-030	1.000000e-030	1.000000e-030	1.000000e-030	1.000000e-030	1.000000e-030	1.000000e-030	1.000000e-030	1.000000e-030	1.000000e-030	5.000000e-001	1.000000e-030	1.000000e-030	1.000000e-030	
1.000000e-030	1.000000e-030	1.000000e-030	1.026252e-001	1.000000e-030	8.142297e-002	1.000000e-030	2.001714e-001	1.000000e-030	4.613238e-001	1.000000e-030	1.000000e-030	5.148556e-002	1.000000e-030	1.000000e-030	5.148548e-002	1.000000e-030	1.000000e-030	1.000000e-030	1.000000e-030	5.148560e-002	1.000000e-030	1.000000e-030	1.000000e-030	1.000000e-030	1.000000e-030	1.000000e-030	1.000000e-030	1.000000e-030	1.000000e-030	1.000000e-030	1.000000e-030	
1.000000e-030	1.000000e-030	1.000000e-030	4.656017e-002	1.548537e-002	3.745181e-002	1.000000e-030	4.819184e-002	1.000000e-030	1.244985e-001	1.000000e-030	1.548537e-002	6.194148e-002	7.742684e-002	1.000000e-030	3.097077e-002	1.000000e-030	7.742684e-002	1.000000e-030	1.083976e-001	6.194147e-002	1.083976e-001	1.000000e-030	1.000000e-030	1.083976e-001	1.548537e-002	1.000000e-030	3.097073e-002	3.097073e-002	1.000000e-030	1.000000e-030	1.000000e-030	
