7.933598e-001	2.066402e-001	0.000000e+000	0.000000e+000	0.000000e+000	
0.000000e+000	7.383988e-001	2.616012e-001	0.000000e+000	0.000000e+000	
0.000000e+000	0.000000e+000	9.312791e-001	6.872093e-002	0.000000e+000	
0.000000e+000	0.000000e+000	0.000000e+000	9.151633e-001	8.483671e-002	
0.000000e+000	0.000000e+000	0.000000e+000	0.000000e+000	1.000000e+000	
1.000000e-030	1.000000e-030	1.000000e-030	1.000000e-030	1.000000e-030	1.000000e-030	1.000000e-030	1.577611e-003	1.000000e-030	1.000000e-030	1.000000e-030	1.000000e-030	1.000000e-030	1.000000e-030	1.000000e-030	3.785021e-001	1.000000e-030	1.000000e-030	1.000000e-030	1.000000e-030	1.000000e-030	1.000000e-030	1.000000e-030	6.421358e-016	1.000000e-030	1.000000e-030	1.000000e-030	1.000000e-030	1.000000e-030	1.000000e-030	1.000000e-030	6.199202e-001	
1.000000e-030	1.000000e-030	1.000000e-030	1.000000e-030	1.000000e-030	1.000000e-030	1.000000e-030	2.596040e-001	1.000000e-030	1.000000e-030	1.000000e-030	1.000000e-030	1.000000e-030	2.615996e-001	1.000000e-030	4.402840e-002	1.000000e-030	1.000000e-030	1.000000e-030	1.000000e-030	1.000000e-030	1.000000e-030	1.000000e-030	4.347534e-001	1.000000e-030	1.000000e-030	1.000000e-030	1.000000e-030	1.000000e-030	1.000000e-030	1.000000e-030	1.465564e-005	
1.000000e-030	1.000000e-030	1.000000e-030	1.000000e-030	1.000000e-030	1.000000e-030	1.000000e-030	1.000000e-030	1.000000e-030	1.000000e-030	1.000000e-030	1.000000e-030	1.000000e-030	4.377863e-007	1.000000e-030	5.695489e-002	1.000000e-030	1.000000e-030	1.000000e-030	1.000000e-030	1.000000e-030	1.000000e-030	1.000000e-030	1.736398e-001	1.000000e-030	1.374419e-001	1.000000e-030	1.000000e-030	1.000000e-030	1.000000e-030	1.000000e-030	6.319630e-001	
1.000000e-030	1.000000e-030	1.000000e-030	1.000000e-030	1.000000e-030	1.000000e-030	1.000000e-030	1.000000e-030	1.000000e-030	1.000000e-030	1.000000e-030	1.000000e-030	1.000000e-030	2.545101e-001	1.000000e-030	1.841987e-001	1.000000e-030	8.483671e-002	1.000000e-030	1.000000e-030	1.000000e-030	1.000000e-030	1.000000e-030	6.883383e-002	7.629049e-005	2.839345e-020	1.000000e-030	1.696734e-001	1.000000e-030	1.000000e-030	1.000000e-030	2.378710e-001	
1.000000e-030	1.000000e-030	1.000000e-030	1.562522e-002	1.000000e-030	1.562522e-002	1.000000e-030	2.500035e-001	1.000000e-030	1.562522e-002	1.000000e-030	3.125044e-002	6.250088e-002	1.406270e-001	1.000000e-030	2.031279e-001	3.125044e-002	1.000000e-030	1.000000e-030	1.562522e-002	1.000000e-030	1.562522e-002	1.000000e-030	3.125044e-002	1.093625e-001	1.000000e-030	1.000000e-030	1.085136e-008	3.125044e-002	3.125044e-002	1.000000e-030	1.000000e-030	
