8.334287e-001	1.665713e-001	0.000000e+000	0.000000e+000	0.000000e+000	
0.000000e+000	8.332379e-001	1.667621e-001	0.000000e+000	0.000000e+000	
0.000000e+000	0.000000e+000	8.033552e-001	1.966448e-001	0.000000e+000	
0.000000e+000	0.000000e+000	0.000000e+000	9.729022e-001	2.709784e-002	
0.000000e+000	0.000000e+000	0.000000e+000	0.000000e+000	1.000000e+000	
1.000000e-030	3.331426e-001	1.000000e-030	5.721652e-004	3.331426e-001	1.665713e-001	1.000000e-030	1.000000e-030	1.000000e-030	1.000000e-030	1.000000e-030	1.000000e-030	1.000000e-030	1.000000e-030	1.000000e-030	1.000000e-030	1.000000e-030	1.000000e-030	1.000000e-030	1.000000e-030	1.000000e-030	1.665713e-001	1.000000e-030	1.000000e-030	1.000000e-030	1.000000e-030	1.000000e-030	1.000000e-030	1.000000e-030	1.000000e-030	1.000000e-030	1.000000e-030	
1.000000e-030	1.000000e-030	1.000000e-030	1.661893e-001	1.000000e-030	1.000000e-030	1.000000e-030	1.000000e-030	1.000000e-030	5.002864e-001	1.000000e-030	1.000000e-030	1.667621e-001	1.000000e-030	1.000000e-030	1.667621e-001	1.000000e-030	1.000000e-030	1.000000e-030	1.000000e-030	1.000000e-030	1.000000e-030	1.000000e-030	1.000000e-030	1.000000e-030	1.000000e-030	1.000000e-030	1.000000e-030	1.000000e-030	1.000000e-030	1.000000e-030	1.000000e-030	
1.000000e-030	1.000000e-030	1.000000e-030	3.883961e-001	1.000000e-030	1.000000e-030	1.000000e-030	1.000000e-030	1.000000e-030	1.000000e-030	1.000000e-030	1.000000e-030	1.000000e-030	1.000000e-030	1.000000e-030	1.000000e-030	1.000000e-030	1.000000e-030	1.000000e-030	1.000000e-030	2.471509e-001	3.644531e-001	1.000000e-030	1.000000e-030	1.000000e-030	1.000000e-030	1.000000e-030	1.000000e-030	1.000000e-030	1.000000e-030	1.000000e-030	1.000000e-030	
1.000000e-030	8.902300e-002	1.000000e-030	7.393016e-002	1.354892e-001	1.625870e-001	1.000000e-030	1.000000e-030	1.000000e-030	8.129351e-002	1.000000e-030	1.000000e-030	5.419567e-002	1.000000e-030	1.000000e-030	1.000000e-030	1.000000e-030	1.000000e-030	1.000000e-030	8.129351e-002	2.911164e-001	3.107154e-002	1.000000e-030	1.000000e-030	1.000000e-030	1.000000e-030	1.000000e-030	1.000000e-030	1.000000e-030	1.000000e-030	1.000000e-030	1.000000e-030	
1.000000e-030	1.269625e-001	6.664982e-002	5.102304e-002	1.000000e-030	1.000000e-030	1.000000e-030	2.221661e-002	1.110830e-001	1.555163e-001	1.000000e-030	1.000000e-030	8.886643e-002	1.000000e-030	1.000000e-030	1.000000e-030	6.664982e-002	6.664982e-002	1.000000e-030	2.221661e-002	6.664982e-002	1.000000e-030	1.000000e-030	1.000000e-030	4.443321e-002	1.000000e-030	1.000000e-030	2.221661e-002	8.886643e-002	1.000000e-030	1.000000e-030	1.000000e-030	
