7.500000e-001	2.500000e-001	0.000000e+000	0.000000e+000	0.000000e+000	
0.000000e+000	9.210631e-001	7.893685e-002	0.000000e+000	0.000000e+000	
0.000000e+000	0.000000e+000	5.711184e-001	4.288816e-001	0.000000e+000	
0.000000e+000	0.000000e+000	0.000000e+000	8.876665e-001	1.123335e-001	
0.000000e+000	0.000000e+000	0.000000e+000	0.000000e+000	1.000000e+000	
1.000000e-030	1.000000e-030	1.000000e-030	2.500000e-001	5.000000e-001	1.000000e-030	1.000000e-030	1.000000e-030	1.000000e-030	1.000000e-030	1.000000e-030	1.000000e-030	5.739998e-014	1.000000e-030	1.000000e-030	1.000000e-030	1.000000e-030	1.000000e-030	1.000000e-030	1.000000e-030	2.500000e-001	1.000000e-030	1.000000e-030	1.000000e-030	1.000000e-030	1.000000e-030	1.000000e-030	1.000000e-030	1.000000e-030	1.000000e-030	1.000000e-030	1.000000e-030	
1.000000e-030	2.368106e-001	7.893685e-002	7.893685e-002	1.000000e-030	3.157474e-001	1.000000e-030	1.000000e-030	1.000000e-030	7.893685e-002	1.000000e-030	1.000000e-030	2.106315e-001	1.000000e-030	1.000000e-030	1.000000e-030	1.000000e-030	1.000000e-030	1.000000e-030	1.000000e-030	1.000000e-030	1.000000e-030	1.000000e-030	1.000000e-030	1.000000e-030	1.000000e-030	1.000000e-030	1.000000e-030	1.000000e-030	1.000000e-030	1.000000e-030	1.000000e-030	
1.000000e-030	1.000000e-030	1.000000e-030	1.000000e-030	1.000000e-030	1.000000e-030	1.000000e-030	1.000000e-030	1.000000e-030	1.000000e-030	1.000000e-030	1.000000e-030	5.711184e-001	1.000000e-030	1.000000e-030	1.000000e-030	1.000000e-030	1.000000e-030	1.000000e-030	1.000000e-030	1.000000e-030	1.000000e-030	1.000000e-030	1.000000e-030	1.000000e-030	1.000000e-030	1.000000e-030	1.000000e-030	4.288816e-001	1.000000e-030	1.000000e-030	1.000000e-030	
1.000000e-030	1.589745e-001	1.000000e-030	1.000000e-030	1.000000e-030	1.757281e-001	1.000000e-030	1.000000e-030	1.000000e-030	3.365813e-001	1.000000e-030	1.000000e-030	1.000000e-030	1.000000e-030	1.000000e-030	1.000000e-030	1.000000e-030	1.000000e-030	1.000000e-030	1.000000e-030	1.075855e-001	2.211306e-001	1.000000e-030	1.000000e-030	1.000000e-030	1.000000e-030	1.000000e-030	1.000000e-030	1.000000e-030	1.000000e-030	1.000000e-030	1.000000e-030	
1.000000e-030	6.448568e-002	4.219532e-002	1.265859e-001	1.406511e-002	9.051820e-002	1.000000e-030	1.000000e-030	1.406511e-002	9.850824e-002	1.000000e-030	2.813021e-002	1.406511e-002	1.000000e-030	1.000000e-030	1.000000e-030	1.406511e-002	7.032553e-002	2.813021e-002	4.219532e-002	5.685492e-002	1.129636e-001	1.000000e-030	1.000000e-030	1.125208e-001	1.000000e-030	1.000000e-030	1.000000e-030	7.032553e-002	1.000000e-030	1.000000e-030	1.000000e-030	
