7.286615e-001	2.713385e-001	0.000000e+000	0.000000e+000	0.000000e+000	
0.000000e+000	8.261053e-001	1.738947e-001	0.000000e+000	0.000000e+000	
0.000000e+000	0.000000e+000	8.772620e-001	1.227380e-001	0.000000e+000	
0.000000e+000	0.000000e+000	0.000000e+000	9.380534e-001	6.194658e-002	
0.000000e+000	0.000000e+000	0.000000e+000	0.000000e+000	1.000000e+000	
1.000000e-030	1.000000e-030	1.000000e-030	1.000000e-030	1.000000e-030	1.327956e-001	1.000000e-030	1.335116e-007	1.000000e-030	1.000000e-030	1.000000e-030	1.000000e-030	7.463944e-002	1.000000e-030	1.000000e-030	1.000000e-030	1.000000e-030	1.000000e-030	1.000000e-030	1.000000e-030	2.498878e-001	5.426770e-001	1.000000e-030	1.000000e-030	1.000000e-030	1.000000e-030	1.000000e-030	1.000000e-030	1.000000e-030	1.000000e-030	1.000000e-030	1.000000e-030	
1.000000e-030	1.000000e-030	1.000000e-030	1.000000e-030	1.609565e-007	1.647282e-001	1.000000e-030	1.738946e-001	1.000000e-030	1.000000e-030	1.000000e-030	1.000000e-030	1.260600e-001	1.000000e-030	1.000000e-030	1.000000e-030	1.000000e-030	1.000000e-030	1.000000e-030	1.000000e-030	1.876420e-001	1.546272e-012	1.000000e-030	1.000000e-030	1.000000e-030	1.737804e-001	1.000000e-030	1.000000e-030	1.738947e-001	1.000000e-030	1.000000e-030	1.000000e-030	
1.000000e-030	2.928135e-004	1.000000e-030	1.000000e-030	3.233945e-001	1.912588e-001	1.000000e-030	1.000000e-030	1.000000e-030	2.452600e-001	1.000000e-030	1.000000e-030	1.000000e-030	1.000000e-030	1.000000e-030	1.000000e-030	1.000000e-030	1.000000e-030	4.800204e-020	1.000000e-030	1.206269e-001	1.190863e-001	1.000000e-030	1.000000e-030	1.000000e-030	8.064138e-005	1.000000e-030	1.000000e-030	1.124526e-019	1.000000e-030	1.000000e-030	1.000000e-030	
1.000000e-030	1.830680e-001	6.194658e-002	6.006116e-002	1.465137e-001	2.281913e-001	1.000000e-030	1.000000e-030	1.000000e-030	5.874971e-002	1.000000e-030	6.194658e-002	6.194658e-002	1.000000e-030	1.000000e-030	1.000000e-030	2.944282e-015	1.077472e-002	6.194658e-002	1.000000e-030	6.301204e-002	1.843022e-003	1.000000e-030	1.000000e-030	1.000000e-030	1.000000e-030	1.000000e-030	1.000000e-030	1.000000e-030	1.000000e-030	1.000000e-030	1.000000e-030	
1.000000e-030	1.844905e-001	1.685944e-009	1.383475e-001	1.225611e-001	1.121642e-001	1.000000e-030	1.532013e-002	1.532013e-002	8.175783e-004	1.532013e-002	1.532013e-002	4.596040e-002	1.000000e-030	1.000000e-030	1.000000e-030	7.660067e-002	1.265542e-002	1.000000e-030	1.532013e-002	4.596040e-002	4.596040e-002	1.000000e-030	1.000000e-030	1.072409e-001	1.000000e-030	1.000000e-030	1.000000e-030	3.064027e-002	1.000000e-030	1.000000e-030	1.000000e-030	
