5.938326e-001	4.061674e-001	0.000000e+000	0.000000e+000	0.000000e+000	
0.000000e+000	8.314150e-001	1.685850e-001	0.000000e+000	0.000000e+000	
0.000000e+000	0.000000e+000	9.138392e-001	8.616083e-002	0.000000e+000	
0.000000e+000	0.000000e+000	0.000000e+000	9.337130e-001	6.628695e-002	
0.000000e+000	0.000000e+000	0.000000e+000	0.000000e+000	1.000000e+000	
1.000000e-030	1.000000e-030	1.000000e-030	1.000000e-030	1.000000e-030	4.035412e-001	1.000000e-030	1.000000e-030	1.000000e-030	1.000000e-030	1.000000e-030	1.000000e-030	4.061674e-001	1.000000e-030	1.000000e-030	1.000000e-030	1.000000e-030	1.000000e-030	1.000000e-030	1.000000e-030	1.900143e-001	1.000000e-030	1.000000e-030	1.000000e-030	1.000000e-030	1.000000e-030	1.000000e-030	1.000000e-030	2.772209e-004	1.000000e-030	1.000000e-030	1.000000e-030	
1.000000e-030	1.000000e-030	1.000000e-030	1.670003e-001	1.000000e-030	2.636706e-003	1.000000e-030	1.000000e-030	1.000000e-030	1.699618e-001	1.000000e-030	1.000000e-030	1.000000e-030	1.000000e-030	1.000000e-030	1.000000e-030	1.000000e-030	1.000000e-030	1.000000e-030	1.000000e-030	1.551002e-001	1.682459e-001	1.000000e-030	1.000000e-030	1.000000e-030	1.000000e-030	1.000000e-030	1.000000e-030	3.370550e-001	1.000000e-030	1.000000e-030	1.000000e-030	
1.000000e-030	6.213576e-008	1.000000e-030	8.099144e-004	1.000000e-030	4.300127e-001	1.000000e-030	1.000000e-030	1.000000e-030	2.577788e-001	1.000000e-030	1.000000e-030	1.000000e-030	1.000000e-030	1.000000e-030	1.000000e-030	1.000000e-030	1.000000e-030	1.000000e-030	1.000000e-030	2.250643e-001	8.633416e-002	1.000000e-030	1.000000e-030	1.000000e-030	1.000000e-030	1.000000e-030	1.000000e-030	1.000000e-030	1.000000e-030	1.000000e-030	1.000000e-030	
1.000000e-030	2.651478e-001	1.000000e-030	1.325739e-001	1.000000e-030	1.325746e-001	1.000000e-030	1.000000e-030	1.000000e-030	1.000000e-030	1.000000e-030	1.000000e-030	6.628695e-002	1.000000e-030	1.000000e-030	1.000000e-030	1.000000e-030	3.314348e-001	1.000000e-030	1.000000e-030	1.583350e-006	6.628695e-002	1.000000e-030	1.000000e-030	5.693511e-003	1.000000e-030	1.000000e-030	1.000000e-030	1.000000e-030	1.000000e-030	1.000000e-030	1.000000e-030	
1.000000e-030	9.387599e-002	1.000000e-030	1.095220e-001	3.129200e-002	1.095220e-001	1.000000e-030	1.000000e-030	1.095220e-001	4.693799e-002	1.000000e-030	1.564600e-002	1.095220e-001	1.000000e-030	1.000000e-030	1.000000e-030	4.693799e-002	5.777284e-017	1.000000e-030	6.258399e-002	9.387599e-002	3.129200e-002	1.000000e-030	1.000000e-030	4.559413e-002	1.564600e-002	1.000000e-030	1.000000e-030	7.822999e-002	1.000000e-030	1.000000e-030	1.000000e-030	
