7.500000e-001	2.500000e-001	0.000000e+000	0.000000e+000	0.000000e+000	
0.000000e+000	8.151044e-001	1.848956e-001	0.000000e+000	0.000000e+000	
0.000000e+000	0.000000e+000	9.224419e-001	7.755809e-002	0.000000e+000	
0.000000e+000	0.000000e+000	0.000000e+000	9.644153e-001	3.558470e-002	
0.000000e+000	0.000000e+000	0.000000e+000	0.000000e+000	1.000000e+000	
1.000000e-030	5.000000e-001	1.000000e-030	1.000000e-030	2.500000e-001	2.500000e-001	1.000000e-030	1.000000e-030	1.000000e-030	1.000000e-030	1.000000e-030	1.000000e-030	1.000000e-030	1.000000e-030	1.000000e-030	1.000000e-030	1.000000e-030	1.000000e-030	1.000000e-030	1.000000e-030	1.000000e-030	1.000000e-030	1.000000e-030	1.000000e-030	1.000000e-030	1.000000e-030	1.000000e-030	1.000000e-030	1.000000e-030	1.000000e-030	1.000000e-030	1.000000e-030	
1.000000e-030	1.000000e-030	1.000000e-030	1.516106e-001	2.244356e-015	1.000000e-030	1.000000e-030	1.000000e-030	1.000000e-030	1.815825e-001	1.000000e-030	1.000000e-030	6.668070e-001	1.000000e-030	1.000000e-030	1.000000e-030	1.000000e-030	1.000000e-030	1.000000e-030	1.000000e-030	1.000000e-030	1.000000e-030	1.000000e-030	1.000000e-030	1.000000e-030	1.000000e-030	1.000000e-030	1.000000e-030	1.000000e-030	1.000000e-030	1.000000e-030	1.000000e-030	
1.000000e-030	2.124928e-001	1.000000e-030	1.088719e-001	1.000000e-030	8.097598e-002	1.000000e-030	1.000000e-030	1.000000e-030	7.291267e-002	1.000000e-030	1.000000e-030	1.433333e-001	1.000000e-030	1.000000e-030	1.000000e-030	1.000000e-030	1.000000e-030	1.000000e-030	1.000000e-030	2.262972e-001	1.551162e-001	1.000000e-030	1.000000e-030	1.000000e-030	1.000000e-030	1.000000e-030	1.000000e-030	1.000000e-030	1.000000e-030	1.000000e-030	1.000000e-030	
1.000000e-030	1.703860e-001	1.000000e-030	3.121825e-001	9.222864e-002	2.114972e-001	1.000000e-030	1.000000e-030	1.000000e-030	3.835310e-002	1.000000e-030	1.000000e-030	5.499700e-002	1.000000e-030	1.000000e-030	1.000000e-030	1.000000e-030	1.000000e-030	1.000000e-030	1.000000e-030	1.203555e-001	1.000000e-030	1.000000e-030	1.000000e-030	1.000000e-030	1.000000e-030	1.000000e-030	1.000000e-030	1.000000e-030	1.000000e-030	1.000000e-030	1.000000e-030	
1.000000e-030	1.331803e-001	2.057782e-002	4.122419e-002	7.013320e-002	1.648786e-001	1.000000e-030	1.000000e-030	6.173345e-002	4.115600e-002	1.000000e-030	2.057782e-002	2.057789e-002	1.000000e-030	1.000000e-030	1.000000e-030	1.000000e-030	6.173345e-002	2.057782e-002	1.000000e-030	5.556005e-002	6.173345e-002	1.000000e-030	1.000000e-030	6.173345e-002	2.057782e-002	1.000000e-030	6.173345e-002	8.231127e-002	1.000000e-030	1.000000e-030	1.000000e-030	
