7.843729e-001	2.156271e-001	0.000000e+000	0.000000e+000	0.000000e+000	
0.000000e+000	8.241077e-001	1.758923e-001	0.000000e+000	0.000000e+000	
0.000000e+000	0.000000e+000	9.378283e-001	6.217166e-002	0.000000e+000	
0.000000e+000	0.000000e+000	0.000000e+000	8.705087e-001	1.294913e-001	
0.000000e+000	0.000000e+000	0.000000e+000	0.000000e+000	1.000000e+000	
1.000000e-030	1.000000e-030	1.000000e-030	4.307292e-001	1.000000e-030	2.156271e-001	1.000000e-030	3.808170e-004	1.000000e-030	1.000000e-030	1.000000e-030	1.000000e-030	1.000000e-030	1.000000e-030	1.000000e-030	1.000000e-030	1.000000e-030	1.000000e-030	1.000000e-030	2.156271e-001	5.378705e-025	1.000000e-030	1.000000e-030	1.000000e-030	1.000000e-030	1.000000e-030	1.000000e-030	1.000000e-030	1.376358e-001	1.000000e-030	1.000000e-030	1.000000e-030	
1.000000e-030	1.000000e-030	1.000000e-030	1.739131e-003	1.000000e-030	5.392418e-018	1.000000e-030	1.755816e-001	1.000000e-030	5.759520e-002	1.000000e-030	1.000000e-030	1.000000e-030	1.000000e-030	1.000000e-030	1.000000e-030	1.000000e-030	1.000000e-030	1.000000e-030	4.841033e-020	5.266722e-001	1.741366e-001	1.000000e-030	1.000000e-030	1.000000e-030	1.000000e-030	1.000000e-030	1.000000e-030	6.427523e-002	1.000000e-030	1.000000e-030	1.000000e-030	
1.000000e-030	1.000000e-030	1.000000e-030	2.111081e-001	1.000000e-030	2.486753e-001	1.000000e-030	1.000000e-030	1.000000e-030	1.039855e-001	1.000000e-030	1.000000e-030	1.243433e-001	1.000000e-030	1.000000e-030	1.000000e-030	1.000000e-030	7.962676e-025	1.000000e-030	6.217166e-002	1.868701e-001	9.062281e-004	1.000000e-030	1.000000e-030	1.000000e-030	1.000000e-030	1.000000e-030	1.000000e-030	6.193984e-002	1.000000e-030	1.000000e-030	1.000000e-030	
1.000000e-030	1.000000e-030	1.000000e-030	3.360579e-001	1.000000e-030	2.371475e-005	1.000000e-030	1.000000e-030	2.538379e-002	1.000000e-030	1.000000e-030	1.000000e-030	6.295515e-017	1.000000e-030	1.000000e-030	1.000000e-030	1.000000e-030	2.589826e-001	1.000000e-030	1.000000e-030	1.000000e-030	1.288963e-001	1.000000e-030	1.000000e-030	2.506557e-001	1.000000e-030	1.000000e-030	1.000000e-030	1.000000e-030	1.000000e-030	1.000000e-030	1.000000e-030	
4.624631e-002	3.083087e-002	1.541544e-002	7.710435e-002	1.541544e-002	1.541544e-002	1.000000e-030	6.166175e-002	7.405534e-002	1.695698e-001	1.000000e-030	1.000000e-030	1.233235e-001	1.000000e-030	1.000000e-030	1.541544e-002	1.000000e-030	1.000000e-030	1.000000e-030	7.707718e-002	9.249262e-002	1.079081e-001	1.000000e-030	1.000000e-030	1.640673e-002	1.000000e-030	1.000000e-030	1.541544e-002	4.624631e-002	1.000000e-030	1.000000e-030	1.000000e-030	
