7.186447e-001	2.813553e-001	0.000000e+000	0.000000e+000	0.000000e+000	
0.000000e+000	7.832374e-001	2.167626e-001	0.000000e+000	0.000000e+000	
0.000000e+000	0.000000e+000	9.354614e-001	6.453865e-002	0.000000e+000	
0.000000e+000	0.000000e+000	0.000000e+000	9.035926e-001	9.640743e-002	
0.000000e+000	0.000000e+000	0.000000e+000	0.000000e+000	1.000000e+000	
1.000000e-030	2.813553e-001	1.672963e-001	1.000000e-030	1.520476e-006	2.535527e-001	1.000000e-030	1.000000e-030	1.000000e-030	4.478496e-019	1.000000e-030	1.000000e-030	1.000000e-030	1.000000e-030	1.000000e-030	1.000000e-030	1.000000e-030	1.000000e-030	1.000000e-030	1.643898e-002	2.813552e-001	1.000000e-030	1.000000e-030	1.000000e-030	1.000000e-030	1.000000e-030	1.000000e-030	1.000000e-030	1.000000e-030	1.000000e-030	1.000000e-030	1.000000e-030	
1.000000e-030	1.860731e-020	8.787366e-002	1.000000e-030	2.167489e-001	5.720096e-002	1.000000e-030	1.000000e-030	1.000000e-030	2.166346e-001	1.000000e-030	1.000000e-030	1.120156e-003	1.000000e-030	1.000000e-030	1.000000e-030	1.000000e-030	3.353316e-006	1.000000e-030	2.040976e-001	9.334679e-008	2.163208e-001	1.000000e-030	1.000000e-030	1.000000e-030	1.000000e-030	1.000000e-030	1.000000e-030	1.000000e-030	1.000000e-030	1.000000e-030	1.000000e-030	
1.000000e-030	1.936136e-001	6.453865e-002	6.453865e-002	2.852390e-002	3.235088e-001	1.000000e-030	1.000000e-030	1.000000e-030	6.457676e-002	1.000000e-030	1.000000e-030	1.287438e-001	1.000000e-030	1.000000e-030	1.000000e-030	1.000000e-030	6.518298e-002	1.000000e-030	1.555653e-025	6.664135e-002	1.315424e-004	1.000000e-030	1.000000e-030	1.000000e-030	5.283852e-026	1.000000e-030	1.000000e-030	1.000000e-030	1.000000e-030	1.000000e-030	1.000000e-030	
1.000000e-030	3.463417e-006	1.000000e-030	1.000000e-030	1.502116e-001	7.927512e-002	1.000000e-030	1.000000e-030	1.000000e-030	4.535015e-024	1.928149e-001	1.000000e-030	1.000000e-030	1.000000e-030	1.000000e-030	1.000000e-030	1.000000e-030	2.882583e-001	1.000000e-030	1.000000e-030	9.326643e-002	1.000000e-030	1.000000e-030	1.000000e-030	3.389076e-003	9.640743e-002	9.637370e-002	1.000000e-030	1.000000e-030	1.000000e-030	1.000000e-030	1.000000e-030	
1.000000e-030	4.617857e-002	1.539286e-002	1.539286e-001	9.235714e-002	1.231429e-001	1.000000e-030	1.000000e-030	1.000000e-030	1.385357e-001	7.372092e-018	1.000000e-030	6.157143e-002	1.000000e-030	1.000000e-030	1.539286e-002	1.000000e-030	1.000000e-030	1.000000e-030	4.617857e-002	1.077500e-001	9.235714e-002	1.000000e-030	1.000000e-030	9.181603e-002	1.539286e-002	5.384900e-006	1.000000e-030	1.000000e-030	1.000000e-030	1.000000e-030	1.000000e-030	
