6.666667e-001	3.333333e-001	0.000000e+000	0.000000e+000	0.000000e+000	
0.000000e+000	8.715381e-001	1.284619e-001	0.000000e+000	0.000000e+000	
0.000000e+000	0.000000e+000	9.392563e-001	6.074371e-002	0.000000e+000	
0.000000e+000	0.000000e+000	0.000000e+000	9.272885e-001	7.271152e-002	
0.000000e+000	0.000000e+000	0.000000e+000	0.000000e+000	1.000000e+000	
1.000000e-030	1.000000e-030	1.000000e-030	1.000000e-030	1.000000e-030	6.666667e-001	1.000000e-030	1.000000e-030	1.000000e-030	1.000000e-030	1.000000e-030	1.000000e-030	1.000000e-030	1.000000e-030	1.000000e-030	1.000000e-030	1.000000e-030	1.000000e-030	1.000000e-030	1.000000e-030	1.000000e-030	1.000000e-030	1.000000e-030	1.000000e-030	1.000000e-030	1.000000e-030	1.000000e-030	1.000000e-030	3.333333e-001	1.000000e-030	1.000000e-030	1.000000e-030	
1.000000e-030	1.000000e-030	1.000000e-030	5.073145e-001	3.642236e-001	1.000000e-030	1.000000e-030	1.000000e-030	1.000000e-030	1.000000e-030	1.000000e-030	1.000000e-030	1.000000e-030	1.000000e-030	1.000000e-030	1.000000e-030	1.000000e-030	1.000000e-030	1.000000e-030	1.000000e-030	1.284619e-001	1.000000e-030	1.000000e-030	1.000000e-030	1.000000e-030	1.000000e-030	1.000000e-030	1.000000e-030	1.000000e-030	1.000000e-030	1.000000e-030	1.000000e-030	
1.000000e-030	1.284930e-014	1.000000e-030	6.383284e-002	4.050012e-001	3.489349e-001	1.000000e-030	1.000000e-030	1.000000e-030	1.000000e-030	1.000000e-030	1.000000e-030	1.214874e-001	1.000000e-030	1.000000e-030	1.000000e-030	1.000000e-030	1.000000e-030	1.000000e-030	1.000000e-030	1.000000e-030	6.074371e-002	1.000000e-030	1.000000e-030	1.000000e-030	1.000000e-030	1.000000e-030	1.000000e-030	1.000000e-030	1.000000e-030	1.000000e-030	1.000000e-030	
7.271152e-002	2.908461e-001	1.000000e-030	1.000000e-030	1.088751e-001	3.821442e-001	1.000000e-030	1.000000e-030	1.000000e-030	1.000000e-030	1.000000e-030	1.000000e-030	1.000000e-030	1.000000e-030	1.000000e-030	1.000000e-030	1.000000e-030	1.454230e-001	1.000000e-030	1.000000e-030	1.000000e-030	1.000000e-030	1.000000e-030	1.000000e-030	1.000000e-030	1.000000e-030	1.000000e-030	1.000000e-030	1.000000e-030	1.000000e-030	1.000000e-030	1.000000e-030	
1.000000e-030	6.896552e-002	1.724138e-002	1.206897e-001	1.551724e-001	1.206897e-001	1.000000e-030	1.724138e-002	1.724138e-002	1.724138e-002	1.000000e-030	1.724138e-002	6.896552e-002	1.000000e-030	1.000000e-030	1.724138e-002	3.448276e-002	1.000000e-030	1.724138e-002	3.448276e-002	3.448276e-002	1.034483e-001	1.000000e-030	1.000000e-030	1.034483e-001	1.000000e-030	1.000000e-030	1.724138e-002	1.724138e-002	1.000000e-030	1.000000e-030	1.000000e-030	
