7.500000e-001	2.500000e-001	0.000000e+000	0.000000e+000	0.000000e+000	
0.000000e+000	8.000000e-001	2.000000e-001	0.000000e+000	0.000000e+000	
0.000000e+000	0.000000e+000	9.042946e-001	9.570541e-002	0.000000e+000	
0.000000e+000	0.000000e+000	0.000000e+000	8.739274e-001	1.260726e-001	
0.000000e+000	0.000000e+000	0.000000e+000	0.000000e+000	1.000000e+000	
1.000000e-030	1.000000e-030	1.000000e-030	1.000000e-030	2.500000e-001	2.500000e-001	1.000000e-030	1.000000e-030	1.000000e-030	1.443984e-029	1.000000e-030	1.000000e-030	5.000000e-001	1.000000e-030	1.000000e-030	1.000000e-030	1.000000e-030	1.000000e-030	1.000000e-030	1.000000e-030	1.000000e-030	1.000000e-030	1.000000e-030	1.000000e-030	1.000000e-030	1.000000e-030	1.000000e-030	1.000000e-030	1.000000e-030	1.000000e-030	1.000000e-030	1.000000e-030	
1.000000e-030	4.000000e-001	1.000000e-030	1.000000e-030	2.000000e-001	1.000000e-030	1.000000e-030	1.000000e-030	1.000000e-030	4.000000e-001	1.000000e-030	1.000000e-030	1.210419e-015	1.000000e-030	1.000000e-030	1.000000e-030	1.000000e-030	1.000000e-030	1.000000e-030	1.000000e-030	1.000000e-030	1.000000e-030	1.000000e-030	1.000000e-030	1.000000e-030	1.000000e-030	1.000000e-030	1.000000e-030	1.000000e-030	1.000000e-030	1.000000e-030	1.000000e-030	
1.000000e-030	1.000000e-030	1.000000e-030	5.214729e-001	1.000000e-030	3.828216e-001	1.000000e-030	1.000000e-030	1.000000e-030	1.000000e-030	1.000000e-030	1.000000e-030	9.570541e-002	1.000000e-030	1.000000e-030	1.000000e-030	1.000000e-030	1.000000e-030	1.000000e-030	1.000000e-030	1.000000e-030	1.000000e-030	1.000000e-030	1.000000e-030	1.000000e-030	1.000000e-030	1.000000e-030	1.000000e-030	1.000000e-030	1.000000e-030	1.000000e-030	1.000000e-030	
1.000000e-030	1.000000e-030	1.000000e-030	1.947040e-001	1.260659e-001	1.000000e-030	1.000000e-030	1.000000e-030	1.000000e-030	6.034825e-002	1.000000e-030	1.000000e-030	1.000000e-030	1.000000e-030	1.000000e-030	1.000000e-030	1.000000e-030	1.000000e-030	1.000000e-030	1.000000e-030	1.000000e-030	3.667501e-001	1.000000e-030	1.000000e-030	1.000000e-030	1.000000e-030	1.000000e-030	1.000000e-030	2.521318e-001	1.000000e-030	1.000000e-030	1.000000e-030	
1.396271e-002	1.954779e-001	1.000000e-030	1.257606e-001	1.117024e-001	9.773897e-002	1.000000e-030	1.396271e-002	8.377626e-002	4.916719e-002	1.000000e-030	1.000000e-030	1.396271e-002	1.000000e-030	1.000000e-030	1.000000e-030	2.792542e-002	1.396271e-002	1.000000e-030	1.000000e-030	1.396271e-001	4.315819e-002	1.000000e-030	1.000000e-030	5.585084e-002	1.000000e-030	1.000000e-030	1.000000e-030	1.396419e-002	1.000000e-030	1.000000e-030	1.000000e-030	
