7.534393e-001	2.465607e-001	0.000000e+000	0.000000e+000	0.000000e+000	
0.000000e+000	7.644165e-001	2.355835e-001	0.000000e+000	0.000000e+000	
0.000000e+000	0.000000e+000	8.821319e-001	1.178681e-001	0.000000e+000	
0.000000e+000	0.000000e+000	0.000000e+000	9.641311e-001	3.586893e-002	
0.000000e+000	0.000000e+000	0.000000e+000	0.000000e+000	1.000000e+000	
1.000000e-030	2.050778e-009	1.000000e-030	8.492538e-007	1.205936e-027	2.465607e-001	1.000000e-030	1.000000e-030	1.000000e-030	1.419729e-002	1.000000e-030	1.225799e-003	3.842796e-005	1.000000e-030	1.000000e-030	1.000000e-030	1.000000e-030	1.000000e-030	8.194100e-002	2.345638e-001	1.767825e-001	2.446896e-001	1.000000e-030	1.000000e-030	1.000000e-030	1.000000e-030	1.000000e-030	1.000000e-030	1.000000e-030	1.000000e-030	1.000000e-030	1.000000e-030	
1.000000e-030	5.688686e-003	1.000000e-030	9.054333e-002	7.681269e-008	1.777660e-002	1.000000e-030	1.000000e-030	1.000000e-030	2.745523e-001	1.000000e-030	2.174050e-001	1.539892e-001	1.000000e-030	1.000000e-030	1.000000e-030	1.000000e-030	1.000000e-030	1.572262e-001	1.146278e-002	6.693723e-002	4.418584e-003	1.000000e-030	1.000000e-030	1.000000e-030	1.000000e-030	1.000000e-030	1.000000e-030	1.000000e-030	1.000000e-030	1.000000e-030	1.000000e-030	
1.000000e-030	2.108609e-001	1.000000e-030	2.172440e-001	1.664130e-002	1.122547e-001	1.000000e-030	1.000000e-030	1.000000e-030	1.445306e-001	1.000000e-030	8.508621e-003	1.259431e-001	1.000000e-030	1.000000e-030	1.000000e-030	1.000000e-030	2.341888e-021	3.221604e-005	4.320373e-010	6.685118e-002	9.713348e-002	1.000000e-030	1.000000e-030	1.000000e-030	1.000000e-030	1.000000e-030	1.000000e-030	1.000000e-030	1.000000e-030	1.000000e-030	1.000000e-030	
1.000000e-030	1.835401e-001	1.000000e-030	2.057574e-001	9.715798e-002	2.498909e-001	1.000000e-030	1.000000e-030	1.000000e-030	8.939347e-002	1.000000e-030	1.645904e-007	8.162490e-002	1.000000e-030	1.000000e-030	1.000000e-030	1.000000e-030	1.002387e-007	4.110862e-014	1.000000e-030	5.119243e-002	4.144255e-002	1.000000e-030	1.000000e-030	1.000000e-030	1.000000e-030	1.000000e-030	8.699751e-030	1.000000e-030	1.000000e-030	1.000000e-030	1.000000e-030	
1.000000e-030	2.405387e-001	1.840398e-002	5.587782e-002	9.478267e-002	1.289270e-001	1.000000e-030	1.000000e-030	1.000000e-030	1.077985e-003	1.000000e-030	5.521193e-002	5.524952e-002	1.000000e-030	1.000000e-030	1.000000e-030	1.000000e-030	9.201982e-002	3.680795e-002	1.000000e-030	1.105066e-001	1.722258e-004	1.000000e-030	1.000000e-030	9.201988e-002	1.000000e-030	1.000000e-030	1.840398e-002	1.000000e-030	1.000000e-030	1.000000e-030	1.000000e-030	
