8.067514e-001	1.932486e-001	0.000000e+000	0.000000e+000	0.000000e+000	
0.000000e+000	8.634544e-001	1.365456e-001	0.000000e+000	0.000000e+000	
0.000000e+000	0.000000e+000	8.638707e-001	1.361293e-001	0.000000e+000	
0.000000e+000	0.000000e+000	0.000000e+000	9.525136e-001	4.748641e-002	
0.000000e+000	0.000000e+000	0.000000e+000	0.000000e+000	1.000000e+000	
1.000000e-030	1.000000e-030	1.000000e-030	1.000000e-030	1.000000e-030	1.000000e-030	1.000000e-030	1.000000e-030	1.000000e-030	6.135028e-001	1.000000e-030	1.000000e-030	1.000000e-030	1.000000e-030	1.000000e-030	1.000000e-030	1.000000e-030	1.000000e-030	1.000000e-030	1.000000e-030	1.121908e-014	1.932486e-001	1.000000e-030	1.000000e-030	1.000000e-030	1.000000e-030	1.000000e-030	1.000000e-030	1.932486e-001	1.000000e-030	1.000000e-030	1.000000e-030	
1.000000e-030	1.000000e-030	1.000000e-030	1.000000e-030	1.000000e-030	1.000000e-030	1.000000e-030	1.000000e-030	1.000000e-030	3.172722e-001	1.000000e-030	1.000000e-030	4.096367e-001	1.000000e-030	1.000000e-030	1.365456e-001	1.000000e-030	1.000000e-030	1.000000e-030	1.000000e-030	1.365456e-001	1.000000e-030	1.000000e-030	1.000000e-030	1.000000e-030	1.000000e-030	1.000000e-030	1.000000e-030	1.000000e-030	1.000000e-030	1.000000e-030	1.000000e-030	
1.000000e-030	1.000000e-030	1.000000e-030	1.000000e-030	1.000000e-030	1.000000e-030	1.000000e-030	1.000000e-030	1.000000e-030	3.193534e-001	1.000000e-030	1.000000e-030	1.000000e-030	1.361293e-001	1.000000e-030	1.000000e-030	1.000000e-030	1.000000e-030	1.000000e-030	1.000000e-030	1.000000e-030	2.722586e-001	1.000000e-030	1.000000e-030	1.000000e-030	1.000000e-030	1.000000e-030	1.000000e-030	2.722586e-001	1.000000e-030	1.000000e-030	1.000000e-030	
1.000000e-030	2.251563e-001	1.000000e-030	8.572715e-002	4.739428e-002	1.398218e-001	1.000000e-030	1.000000e-030	1.000000e-030	3.666752e-001	1.000000e-030	1.000000e-030	1.000000e-030	1.000000e-030	1.000000e-030	1.000000e-030	1.000000e-030	1.296420e-019	1.000000e-030	1.000000e-030	9.497282e-002	4.025241e-002	1.000000e-030	1.000000e-030	1.000000e-030	1.000000e-030	1.000000e-030	1.000000e-030	1.000000e-030	1.000000e-030	1.000000e-030	1.000000e-030	
1.000000e-030	5.608729e-002	1.000000e-030	7.220151e-002	5.167105e-002	5.259364e-002	1.000000e-030	5.163765e-002	1.000000e-030	1.107475e-001	1.000000e-030	1.000000e-030	6.885020e-002	1.000000e-030	1.000000e-030	1.721255e-002	1.000000e-030	8.606275e-002	5.163765e-002	3.442510e-002	5.163765e-002	8.868488e-002	1.000000e-030	1.000000e-030	1.204879e-001	1.721255e-002	1.721255e-002	1.721255e-002	3.442510e-002	1.000000e-030	1.000000e-030	1.000000e-030	
