8.571429e-001	1.428571e-001	0.000000e+000	0.000000e+000	0.000000e+000	
0.000000e+000	5.010306e-004	9.994990e-001	0.000000e+000	0.000000e+000	
0.000000e+000	0.000000e+000	9.367369e-001	6.326309e-002	0.000000e+000	
0.000000e+000	0.000000e+000	0.000000e+000	9.190315e-001	8.096854e-002	
0.000000e+000	0.000000e+000	0.000000e+000	0.000000e+000	1.000000e+000	
1.000000e-030	1.000000e-030	1.000000e-030	1.428571e-001	1.000000e-030	1.000000e-030	1.000000e-030	5.714286e-001	1.000000e-030	1.000000e-030	1.000000e-030	1.000000e-030	1.000000e-030	1.000000e-030	1.000000e-030	2.857143e-001	1.000000e-030	1.000000e-030	1.000000e-030	1.000000e-030	1.669015e-011	1.000000e-030	1.000000e-030	1.000000e-030	1.000000e-030	1.000000e-030	1.000000e-030	1.000000e-030	1.000000e-030	1.000000e-030	1.000000e-030	1.000000e-030	
1.000000e-030	1.000000e-030	1.000000e-030	1.000000e-030	1.000000e-030	1.000000e-030	1.000000e-030	9.334720e-008	1.000000e-030	1.000000e-030	1.000000e-030	1.000000e-030	1.000000e-030	1.000000e-030	1.000000e-030	5.009373e-004	1.000000e-030	1.000000e-030	1.000000e-030	1.000000e-030	9.994990e-001	4.272319e-011	1.000000e-030	1.000000e-030	1.000000e-030	1.000000e-030	1.000000e-030	1.000000e-030	1.000000e-030	1.000000e-030	1.000000e-030	1.000000e-030	
1.000000e-030	1.000000e-030	1.000000e-030	1.000000e-030	1.000000e-030	1.000000e-030	1.000000e-030	1.265262e-001	1.000000e-030	2.477621e-001	6.207423e-002	1.000000e-030	1.265262e-001	1.000000e-030	1.000000e-030	2.697733e-001	1.000000e-030	1.000000e-030	1.000000e-030	4.081181e-002	1.052978e-008	1.265262e-001	1.000000e-030	1.000000e-030	1.000000e-030	1.000000e-030	1.000000e-030	1.000000e-030	1.000000e-030	1.000000e-030	1.000000e-030	1.000000e-030	
1.000000e-030	1.000000e-030	1.000000e-030	7.684539e-002	1.000000e-030	1.619371e-001	1.000000e-030	1.143216e-001	1.000000e-030	2.496765e-001	1.521596e-003	1.000000e-030	1.000000e-030	1.000000e-030	1.000000e-030	1.264247e-001	1.000000e-030	1.000000e-030	1.000000e-030	1.079510e-001	1.613221e-001	9.324482e-021	1.000000e-030	1.000000e-030	1.000000e-030	1.000000e-030	1.000000e-030	1.000000e-030	4.827953e-012	1.000000e-030	1.000000e-030	1.000000e-030	
1.000000e-030	1.591292e-002	3.182584e-002	1.672325e-002	1.591292e-002	1.000000e-030	1.000000e-030	1.048355e-001	1.000000e-030	1.273034e-001	1.000000e-030	6.365168e-002	4.773876e-002	3.182584e-002	1.000000e-030	3.459127e-002	1.591292e-002	1.591292e-002	1.000000e-030	4.808313e-002	7.968546e-002	4.773876e-002	1.000000e-030	3.182584e-002	1.273034e-001	1.591292e-002	1.000000e-030	3.182584e-002	9.547752e-002	1.000000e-030	1.000000e-030	1.000000e-030	
