8.919643e-001	1.080357e-001	0.000000e+000	0.000000e+000	0.000000e+000	
0.000000e+000	7.328918e-001	2.671082e-001	0.000000e+000	0.000000e+000	
0.000000e+000	0.000000e+000	7.401304e-001	2.598696e-001	0.000000e+000	
0.000000e+000	0.000000e+000	0.000000e+000	9.295161e-001	7.048387e-002	
0.000000e+000	0.000000e+000	0.000000e+000	0.000000e+000	1.000000e+000	
1.000000e-030	1.000000e-030	1.000000e-030	1.080357e-001	1.000000e-030	1.357143e-001	1.000000e-030	1.000000e-030	1.000000e-030	5.401785e-001	1.000000e-030	1.000000e-030	1.000000e-030	1.080357e-001	1.000000e-030	1.000000e-030	1.000000e-030	1.000000e-030	1.000000e-030	1.000000e-030	1.000000e-030	1.000000e-030	1.000000e-030	1.000000e-030	1.000000e-030	1.080357e-001	1.000000e-030	1.000000e-030	1.000000e-030	1.000000e-030	1.000000e-030	1.000000e-030	
1.000000e-030	1.000000e-030	1.000000e-030	1.000000e-030	1.000000e-030	7.328918e-001	1.000000e-030	1.000000e-030	1.000000e-030	1.000000e-030	1.000000e-030	1.000000e-030	1.000000e-030	1.000000e-030	1.000000e-030	1.000000e-030	1.000000e-030	1.000000e-030	1.000000e-030	1.000000e-030	1.000000e-030	2.671082e-001	1.000000e-030	1.000000e-030	1.000000e-030	1.000000e-030	1.000000e-030	1.000000e-030	1.000000e-030	1.000000e-030	1.000000e-030	1.000000e-030	
1.000000e-030	1.000000e-030	2.598696e-001	1.000000e-030	7.401304e-001	1.000000e-030	1.000000e-030	1.000000e-030	1.000000e-030	6.207853e-015	1.000000e-030	1.000000e-030	1.000000e-030	1.000000e-030	1.000000e-030	1.000000e-030	1.000000e-030	1.000000e-030	1.000000e-030	1.000000e-030	1.000000e-030	1.000000e-030	1.000000e-030	1.000000e-030	1.000000e-030	1.000000e-030	1.000000e-030	1.000000e-030	1.000000e-030	1.000000e-030	1.000000e-030	1.000000e-030	
1.000000e-030	1.409677e-001	1.000000e-030	7.048387e-002	8.119155e-002	1.000000e-030	1.000000e-030	1.000000e-030	1.000000e-030	1.978032e-001	1.000000e-030	7.048387e-002	7.048387e-002	1.000000e-030	1.000000e-030	1.000000e-030	1.000000e-030	1.000000e-030	1.000000e-030	1.000000e-030	2.819355e-001	8.665040e-002	1.000000e-030	1.000000e-030	1.000000e-030	1.000000e-030	1.000000e-030	1.000000e-030	1.000000e-030	1.000000e-030	1.000000e-030	1.000000e-030	
1.000000e-030	1.000000e-030	1.000000e-030	1.912770e-001	1.000000e-030	4.414084e-002	1.000000e-030	1.471361e-002	2.942723e-002	6.170358e-002	1.000000e-030	1.471361e-002	8.828168e-002	1.471361e-002	1.000000e-030	1.000000e-030	1.000000e-030	1.471361e-002	1.000000e-030	7.356806e-002	4.414084e-002	2.026158e-001	1.000000e-030	1.000000e-030	1.029953e-001	1.000000e-030	1.000000e-030	2.942723e-002	7.356806e-002	1.000000e-030	1.000000e-030	1.000000e-030	
