8.000000e-001	2.000000e-001	0.000000e+000	0.000000e+000	0.000000e+000	
0.000000e+000	8.571428e-001	1.428572e-001	0.000000e+000	0.000000e+000	
0.000000e+000	0.000000e+000	7.461042e-001	2.538958e-001	0.000000e+000	
0.000000e+000	0.000000e+000	0.000000e+000	9.673892e-001	3.261078e-002	
0.000000e+000	0.000000e+000	0.000000e+000	0.000000e+000	1.000000e+000	
1.000000e-030	1.000000e-030	1.000000e-030	1.000000e-030	1.000000e-030	1.000000e-030	1.000000e-030	1.519766e-012	1.000000e-030	2.000000e-001	1.000000e-030	1.000000e-030	1.000000e-030	1.000000e-030	1.000000e-030	1.000000e-030	1.000000e-030	1.000000e-030	1.000000e-030	2.000000e-001	2.000000e-001	4.000000e-001	1.000000e-030	1.000000e-030	1.000000e-030	1.000000e-030	1.000000e-030	1.000000e-030	1.000000e-030	1.000000e-030	1.000000e-030	1.000000e-030	
1.000000e-030	1.000000e-030	1.000000e-030	2.857141e-001	1.000000e-030	1.000000e-030	1.000000e-030	2.857144e-001	1.000000e-030	3.387144e-029	1.000000e-030	1.000000e-030	1.000000e-030	2.857144e-001	1.000000e-030	1.000000e-030	1.000000e-030	1.000000e-030	1.000000e-030	1.000000e-030	1.000000e-030	3.546465e-024	1.000000e-030	1.000000e-030	1.000000e-030	1.428572e-001	1.000000e-030	1.000000e-030	1.000000e-030	1.000000e-030	1.000000e-030	1.000000e-030	
1.000000e-030	1.000000e-030	1.000000e-030	4.762821e-007	1.000000e-030	1.000000e-030	1.000000e-030	1.000000e-030	1.000000e-030	4.922079e-001	1.000000e-030	1.000000e-030	4.939257e-026	1.000000e-030	1.000000e-030	2.538958e-001	1.000000e-030	1.000000e-030	1.000000e-030	1.000000e-030	1.000000e-030	2.538958e-001	1.000000e-030	1.000000e-030	1.000000e-030	1.000000e-030	1.000000e-030	1.000000e-030	1.000000e-030	1.000000e-030	1.000000e-030	1.000000e-030	
1.000000e-030	3.260367e-002	1.000000e-030	6.522156e-002	1.000000e-030	3.261078e-002	1.000000e-030	6.522156e-002	1.000000e-030	4.162823e-001	1.000000e-030	1.000000e-030	2.282755e-001	1.000000e-030	1.000000e-030	1.000000e-030	1.000000e-030	3.154999e-002	1.000000e-030	1.000000e-030	1.000000e-030	1.282346e-001	1.000000e-030	1.000000e-030	1.000000e-030	1.000000e-030	1.000000e-030	1.174543e-007	1.000000e-030	1.000000e-030	1.000000e-030	1.000000e-030	
1.000000e-030	3.817452e-002	1.000000e-030	1.908518e-002	3.817036e-002	1.000000e-030	1.000000e-030	7.634073e-002	1.000000e-030	1.201642e-001	1.908518e-002	3.817036e-002	5.725555e-002	1.000000e-030	1.000000e-030	1.000000e-030	1.000000e-030	1.970600e-002	5.725555e-002	1.908518e-002	1.908518e-001	2.037769e-002	1.000000e-030	1.000000e-030	1.717666e-001	3.817036e-002	1.000000e-030	1.908511e-002	5.725555e-002	1.000000e-030	1.000000e-030	1.000000e-030	
