8.284020e-001	1.715980e-001	0.000000e+000	0.000000e+000	0.000000e+000	
0.000000e+000	8.915475e-001	1.084525e-001	0.000000e+000	0.000000e+000	
0.000000e+000	0.000000e+000	8.154915e-001	1.845085e-001	0.000000e+000	
0.000000e+000	0.000000e+000	0.000000e+000	9.641124e-001	3.588758e-002	
0.000000e+000	0.000000e+000	0.000000e+000	0.000000e+000	1.000000e+000	
1.000000e-030	1.000000e-030	1.000000e-030	1.715980e-001	6.568041e-001	1.000000e-030	1.000000e-030	1.000000e-030	1.000000e-030	1.000000e-030	1.000000e-030	1.000000e-030	1.715980e-001	1.000000e-030	1.000000e-030	1.000000e-030	1.000000e-030	1.000000e-030	1.000000e-030	1.000000e-030	1.000000e-030	1.000000e-030	1.000000e-030	1.000000e-030	1.000000e-030	1.000000e-030	1.000000e-030	1.000000e-030	1.000000e-030	1.000000e-030	1.000000e-030	1.000000e-030	
1.000000e-030	1.000000e-030	1.000000e-030	1.000000e-030	1.271523e-001	4.390378e-001	1.000000e-030	1.000000e-030	1.000000e-030	1.000000e-030	1.000000e-030	1.000000e-030	1.000000e-030	1.000000e-030	1.000000e-030	1.000000e-030	1.000000e-030	1.000000e-030	1.000000e-030	1.000000e-030	4.338098e-001	1.000000e-030	1.000000e-030	1.000000e-030	1.000000e-030	1.000000e-030	1.000000e-030	1.000000e-030	1.000000e-030	1.000000e-030	1.000000e-030	1.000000e-030	
1.000000e-030	1.845085e-001	1.000000e-030	1.000000e-030	1.845085e-001	4.464745e-001	1.000000e-030	1.000000e-030	1.000000e-030	1.000000e-030	1.000000e-030	1.000000e-030	1.000000e-030	1.000000e-030	1.000000e-030	1.000000e-030	1.000000e-030	1.845085e-001	1.000000e-030	1.000000e-030	6.199181e-016	1.000000e-030	1.000000e-030	1.000000e-030	1.000000e-030	1.000000e-030	1.000000e-030	1.000000e-030	1.000000e-030	1.000000e-030	1.000000e-030	1.000000e-030	
1.000000e-030	1.000000e-030	1.000000e-030	1.794379e-001	1.000000e-030	4.292767e-001	1.000000e-030	1.000000e-030	1.000000e-030	6.829711e-002	1.000000e-030	1.000000e-030	1.794379e-001	1.000000e-030	1.000000e-030	1.000000e-030	1.000000e-030	1.000000e-030	1.000000e-030	1.000000e-030	1.435503e-001	1.000000e-030	1.000000e-030	1.000000e-030	1.000000e-030	1.000000e-030	1.000000e-030	1.000000e-030	1.000000e-030	1.000000e-030	1.000000e-030	1.000000e-030	
1.000000e-030	1.184198e-001	1.973663e-002	1.000000e-030	9.868317e-002	1.494119e-001	1.000000e-030	1.973663e-002	9.868317e-002	8.085932e-002	1.000000e-030	1.000000e-030	5.920990e-002	1.000000e-030	1.000000e-030	1.000000e-030	5.920990e-002	5.920990e-002	1.000000e-030	1.973663e-002	3.947327e-002	5.920990e-002	1.000000e-030	1.000000e-030	3.947327e-002	1.000000e-030	1.000000e-030	1.973663e-002	5.920990e-002	1.000000e-030	1.000000e-030	1.000000e-030	
