6.666667e-001	3.333333e-001	0.000000e+000	0.000000e+000	0.000000e+000	
0.000000e+000	7.500000e-001	2.500000e-001	0.000000e+000	0.000000e+000	
0.000000e+000	0.000000e+000	8.877859e-001	1.122141e-001	0.000000e+000	
0.000000e+000	0.000000e+000	0.000000e+000	9.463948e-001	5.360520e-002	
0.000000e+000	0.000000e+000	0.000000e+000	0.000000e+000	1.000000e+000	
1.000000e-030	1.000000e-030	1.000000e-030	1.000000e-030	1.000000e-030	1.000000e-030	1.000000e-030	1.000000e-030	1.000000e-030	1.000000e-030	1.000000e-030	1.000000e-030	1.000000e-030	1.000000e-030	1.000000e-030	1.000000e-030	3.333333e-001	1.000000e-030	1.000000e-030	1.000000e-030	1.000000e-030	1.000000e-030	1.000000e-030	1.000000e-030	6.666667e-001	1.000000e-030	1.000000e-030	1.000000e-030	1.000000e-030	1.000000e-030	1.000000e-030	1.000000e-030	
1.000000e-030	1.000000e-030	1.000000e-030	1.000000e-030	1.000000e-030	2.500000e-001	1.000000e-030	1.000000e-030	1.000000e-030	1.000000e-030	1.000000e-030	1.000000e-030	1.000000e-030	1.000000e-030	1.000000e-030	1.000000e-030	2.214735e-015	1.000000e-030	1.000000e-030	1.000000e-030	1.000000e-030	1.000000e-030	1.000000e-030	1.000000e-030	1.000000e-030	1.000000e-030	1.000000e-030	1.000000e-030	7.500000e-001	1.000000e-030	1.000000e-030	1.000000e-030	
1.000000e-030	3.366422e-001	1.000000e-030	1.000000e-030	3.366422e-001	1.000000e-030	1.000000e-030	1.000000e-030	1.000000e-030	3.267156e-001	1.000000e-030	1.000000e-030	1.000000e-030	1.000000e-030	1.000000e-030	1.000000e-030	1.000000e-030	1.000000e-030	1.000000e-030	1.000000e-030	1.000000e-030	1.000000e-030	1.000000e-030	1.000000e-030	1.000000e-030	1.000000e-030	1.000000e-030	1.000000e-030	1.000000e-030	1.000000e-030	1.000000e-030	1.000000e-030	
1.000000e-030	1.000000e-030	1.000000e-030	1.000000e-030	1.000000e-030	3.597364e-001	1.000000e-030	5.360493e-002	1.000000e-030	2.181700e-001	1.000000e-030	1.000000e-030	1.000000e-030	1.000000e-030	1.000000e-030	1.000000e-030	1.000000e-030	1.000000e-030	1.000000e-030	5.312099e-002	2.634965e-001	1.000000e-030	1.000000e-030	1.000000e-030	1.000000e-030	1.000000e-030	1.000000e-030	1.000000e-030	5.187118e-002	1.000000e-030	1.000000e-030	1.000000e-030	
1.000000e-030	1.086390e-001	1.000000e-030	1.086390e-001	1.551986e-002	9.760677e-002	1.000000e-030	1.551994e-002	3.103973e-002	7.788674e-002	1.000000e-030	1.551986e-002	6.207946e-002	1.000000e-030	1.000000e-030	1.551986e-002	1.551986e-002	9.311918e-002	1.551986e-002	4.669978e-002	6.339086e-002	7.759932e-002	1.000000e-030	1.000000e-030	1.086390e-001	1.551986e-002	1.000000e-030	1.000000e-030	1.602190e-002	1.000000e-030	1.000000e-030	1.000000e-030	
