8.756143e-001	1.243857e-001	0.000000e+000	0.000000e+000	0.000000e+000	
0.000000e+000	9.111903e-001	8.880974e-002	0.000000e+000	0.000000e+000	
0.000000e+000	0.000000e+000	8.700434e-001	1.299566e-001	0.000000e+000	
0.000000e+000	0.000000e+000	0.000000e+000	9.101114e-001	8.988861e-002	
0.000000e+000	0.000000e+000	0.000000e+000	0.000000e+000	1.000000e+000	
1.000000e-030	1.000000e-030	1.000000e-030	1.000000e-030	1.000000e-030	1.000000e-030	1.000000e-030	5.230112e-001	1.000000e-030	1.243854e-001	1.000000e-030	1.000000e-030	1.000000e-030	1.766560e-009	1.000000e-030	2.282176e-001	1.000000e-030	1.000000e-030	1.000000e-030	1.000000e-030	1.000000e-030	1.243857e-001	1.000000e-030	1.000000e-030	1.000000e-030	1.000000e-030	1.000000e-030	1.000000e-030	1.000000e-030	1.000000e-030	1.000000e-030	1.000000e-030	
1.000000e-030	1.000000e-030	1.000000e-030	1.000000e-030	1.000000e-030	1.000000e-030	1.000000e-030	2.193678e-001	1.000000e-030	1.444880e-007	1.000000e-030	1.000000e-030	1.000000e-030	5.141530e-001	1.000000e-030	2.664785e-001	1.000000e-030	1.000000e-030	1.000000e-030	1.000000e-030	1.000000e-030	5.813802e-029	1.000000e-030	1.047886e-029	1.000000e-030	5.527409e-007	1.000000e-030	1.000000e-030	1.000000e-030	1.000000e-030	1.000000e-030	1.000000e-030	
1.000000e-030	1.000000e-030	1.000000e-030	1.000000e-030	1.000000e-030	1.000000e-030	1.000000e-030	4.225648e-002	1.000000e-030	2.599132e-001	1.000000e-030	1.000000e-030	1.000000e-030	2.865588e-001	1.000000e-030	1.513587e-001	1.000000e-030	1.000000e-030	1.000000e-030	1.000000e-030	1.000000e-030	1.000000e-030	1.000000e-030	1.299566e-001	1.000000e-030	1.299558e-001	1.000000e-030	4.503538e-007	1.000000e-030	1.000000e-030	1.000000e-030	1.000000e-030	
1.000000e-030	1.000000e-030	1.000000e-030	1.000000e-030	1.000000e-030	1.000000e-030	1.000000e-030	1.000000e-030	1.000000e-030	5.842231e-017	1.000000e-030	8.982663e-002	1.000000e-030	5.023278e-004	1.000000e-030	1.000000e-030	1.000000e-030	1.000000e-030	1.078521e-002	1.000000e-030	1.274563e-026	1.000000e-030	1.000000e-030	1.000000e-030	6.292203e-001	1.000000e-030	1.000000e-030	2.696655e-001	1.000000e-030	1.000000e-030	1.000000e-030	1.000000e-030	
1.000000e-030	1.642557e-002	1.000000e-030	1.000000e-030	1.000000e-030	1.000000e-030	1.000000e-030	2.299579e-001	1.000000e-030	1.642557e-002	3.285113e-002	1.132742e-005	1.642557e-002	1.971068e-001	1.000000e-030	3.285113e-001	1.000000e-030	3.285113e-002	3.088032e-002	1.000000e-030	1.642557e-002	1.000000e-030	1.000000e-030	4.927670e-002	8.611072e-021	1.642557e-002	1.000000e-030	1.000000e-030	1.000000e-030	1.000000e-030	1.000000e-030	1.642557e-002	
