7.298275e-001	2.701725e-001	0.000000e+000	0.000000e+000	0.000000e+000	
0.000000e+000	8.906638e-001	1.093362e-001	0.000000e+000	0.000000e+000	
0.000000e+000	0.000000e+000	8.211400e-001	1.788600e-001	0.000000e+000	
0.000000e+000	0.000000e+000	0.000000e+000	9.256052e-001	7.439476e-002	
0.000000e+000	0.000000e+000	0.000000e+000	0.000000e+000	1.000000e+000	
1.000000e-030	1.000000e-030	1.000000e-030	2.702911e-001	1.000000e-030	1.000000e-030	1.000000e-030	1.000000e-030	1.000000e-030	1.283556e-001	1.000000e-030	7.129093e-004	1.000000e-030	1.000000e-030	1.000000e-030	1.000000e-030	1.000000e-030	1.000000e-030	1.000000e-030	2.701707e-001	1.000000e-030	3.304697e-001	1.000000e-030	1.000000e-030	1.000000e-030	1.000000e-030	1.000000e-030	1.000000e-030	1.000000e-030	1.000000e-030	1.000000e-030	1.000000e-030	
1.000000e-030	1.000000e-030	1.000000e-030	2.448702e-001	1.000000e-030	1.000000e-030	1.000000e-030	1.000000e-030	1.000000e-030	2.261013e-001	1.000000e-030	2.183839e-001	1.000000e-030	1.000000e-030	1.000000e-030	1.000000e-030	1.000000e-030	1.000000e-030	1.000000e-030	7.142021e-007	1.000000e-030	3.106438e-001	1.000000e-030	1.000000e-030	1.000000e-030	1.000000e-030	1.000000e-030	1.000000e-030	1.000000e-030	1.000000e-030	1.000000e-030	1.000000e-030	
1.000000e-030	1.000000e-030	1.000000e-030	3.121423e-001	1.000000e-030	1.412517e-012	1.000000e-030	1.000000e-030	1.000000e-030	4.716052e-001	1.000000e-030	3.605775e-008	1.000000e-030	1.000000e-030	1.000000e-030	1.000000e-030	1.000000e-030	1.000000e-030	1.000000e-030	1.000000e-030	1.000000e-030	1.797476e-001	1.000000e-030	1.000000e-030	1.000000e-030	1.000000e-030	1.000000e-030	1.000000e-030	3.650493e-002	1.000000e-030	1.000000e-030	1.000000e-030	
1.000000e-030	7.420684e-002	1.000000e-030	7.004363e-002	1.000000e-030	7.434172e-002	1.000000e-030	1.000000e-030	1.000000e-030	2.653017e-001	1.000000e-030	1.000000e-030	1.488032e-010	1.000000e-030	1.000000e-030	1.000000e-030	1.000000e-030	1.000000e-030	1.000000e-030	1.396597e-001	1.370867e-001	1.061956e-001	1.000000e-030	1.000000e-030	1.000000e-030	1.000000e-030	1.000000e-030	1.000000e-030	1.331642e-001	1.000000e-030	1.000000e-030	1.000000e-030	
1.000000e-030	8.943005e-002	2.979747e-002	1.351802e-001	2.979747e-002	4.470683e-002	1.000000e-030	1.000000e-030	1.489874e-002	7.827952e-002	2.979747e-002	1.000000e-030	1.042911e-001	1.000000e-030	1.000000e-030	1.000000e-030	1.489874e-002	5.959494e-002	1.000000e-030	4.652461e-002	9.173609e-002	5.219351e-002	1.489874e-002	1.000000e-030	7.449368e-002	1.489874e-002	1.000000e-030	1.489874e-002	5.968337e-002	1.000000e-030	1.000000e-030	1.000000e-030	
