9.076461e-001	9.235392e-002	0.000000e+000	0.000000e+000	0.000000e+000	
0.000000e+000	7.295495e-001	2.704505e-001	0.000000e+000	0.000000e+000	
0.000000e+000	0.000000e+000	8.944517e-001	1.055483e-001	0.000000e+000	
0.000000e+000	0.000000e+000	0.000000e+000	8.453036e-001	1.546964e-001	
0.000000e+000	0.000000e+000	0.000000e+000	0.000000e+000	1.000000e+000	
1.000000e-030	1.000000e-030	1.000000e-030	1.000000e-030	1.000000e-030	2.611686e-001	1.000000e-030	1.000000e-030	1.000000e-030	2.770618e-001	1.000000e-030	1.000000e-030	1.847078e-001	1.000000e-030	1.000000e-030	1.000000e-030	1.000000e-030	1.000000e-030	1.000000e-030	1.000000e-030	9.235392e-002	1.847078e-001	1.000000e-030	1.000000e-030	1.000000e-030	1.000000e-030	1.000000e-030	1.000000e-030	1.000000e-030	1.000000e-030	1.000000e-030	1.000000e-030	
1.000000e-030	1.000000e-030	1.000000e-030	1.000000e-030	3.915602e-001	6.753876e-002	1.000000e-030	1.000000e-030	1.000000e-030	1.000000e-030	1.000000e-030	1.000000e-030	2.704505e-001	1.000000e-030	1.000000e-030	1.000000e-030	1.000000e-030	1.000000e-030	1.000000e-030	1.000000e-030	2.704505e-001	1.000000e-030	1.000000e-030	1.000000e-030	1.000000e-030	1.000000e-030	1.000000e-030	1.000000e-030	1.000000e-030	1.000000e-030	1.000000e-030	1.000000e-030	
1.000000e-030	1.000000e-030	1.000000e-030	1.000000e-030	4.804638e-001	4.139890e-001	1.000000e-030	1.000000e-030	1.000000e-030	1.055472e-001	1.000000e-030	1.000000e-030	1.000000e-030	1.000000e-030	1.000000e-030	1.000000e-030	1.000000e-030	1.000000e-030	1.000000e-030	1.000000e-030	1.000000e-030	1.000000e-030	1.000000e-030	1.000000e-030	1.000000e-030	1.000000e-030	1.000000e-030	1.000000e-030	1.000000e-030	1.000000e-030	1.000000e-030	1.000000e-030	
1.000000e-030	1.000000e-030	1.000000e-030	1.000000e-030	1.485101e-001	1.000000e-030	1.000000e-030	1.000000e-030	1.000000e-030	4.459935e-001	1.000000e-030	1.000000e-030	2.508124e-001	1.000000e-030	1.000000e-030	1.000000e-030	1.000000e-030	1.000000e-030	1.000000e-030	1.000000e-030	1.000000e-030	1.546839e-001	1.000000e-030	1.000000e-030	1.000000e-030	1.000000e-030	1.000000e-030	1.000000e-030	1.000000e-030	1.000000e-030	1.000000e-030	1.000000e-030	
1.000000e-030	5.836354e-002	7.295442e-002	8.754531e-002	5.894871e-002	1.896828e-001	1.000000e-030	1.000000e-030	1.000000e-030	8.925223e-002	1.000000e-030	2.918177e-002	9.307058e-002	1.000000e-030	1.000000e-030	1.000000e-030	1.459088e-002	1.000000e-030	1.000000e-030	1.459088e-002	1.313180e-001	5.836472e-002	1.000000e-030	1.000000e-030	5.836354e-002	1.000000e-030	2.918177e-002	1.000000e-030	1.459088e-002	1.000000e-030	1.000000e-030	1.000000e-030	
