7.550125e-001	2.449875e-001	0.000000e+000	0.000000e+000	0.000000e+000	
0.000000e+000	9.236635e-001	7.633646e-002	0.000000e+000	0.000000e+000	
0.000000e+000	0.000000e+000	8.575032e-001	1.424968e-001	0.000000e+000	
0.000000e+000	0.000000e+000	0.000000e+000	9.157174e-001	8.428260e-002	
0.000000e+000	0.000000e+000	0.000000e+000	0.000000e+000	1.000000e+000	
1.000000e-030	1.000000e-030	1.000000e-030	1.000000e-030	1.000000e-030	1.000000e-030	1.000000e-030	1.000000e-030	1.000000e-030	1.000000e-030	1.000000e-030	1.000000e-030	1.000000e-030	2.151888e-007	1.000000e-030	2.004989e-002	1.000000e-030	1.000000e-030	1.000000e-030	1.000000e-030	1.000000e-030	1.000000e-030	1.000000e-030	2.449875e-001	1.000000e-030	1.000000e-030	1.000000e-030	1.000000e-030	1.000000e-030	1.000000e-030	1.000000e-030	7.349623e-001	
1.000000e-030	1.000000e-030	1.000000e-030	1.000000e-030	1.000000e-030	1.000000e-030	1.000000e-030	1.000000e-030	1.000000e-030	1.000000e-030	1.000000e-030	1.000000e-030	1.000000e-030	3.040229e-001	1.000000e-030	2.227620e-001	1.000000e-030	1.000000e-030	1.000000e-030	1.000000e-030	1.000000e-030	1.000000e-030	1.000000e-030	9.153270e-002	1.000000e-030	1.526729e-001	1.000000e-030	1.000000e-030	7.633646e-002	1.526729e-001	1.000000e-030	9.896183e-008	
1.000000e-030	1.000000e-030	1.000000e-030	1.000000e-030	1.000000e-030	1.000000e-030	1.000000e-030	1.000000e-030	1.000000e-030	3.314237e-009	1.000000e-030	1.000000e-030	1.000000e-030	2.469390e-003	1.000000e-030	2.476273e-028	1.000000e-030	1.000000e-030	1.000000e-030	1.000000e-030	1.000000e-030	3.070058e-002	1.000000e-030	5.416205e-001	1.000000e-030	1.402160e-001	1.000000e-030	1.000000e-030	1.000000e-030	3.164855e-011	1.000000e-030	2.849936e-001	
1.000000e-030	1.000000e-030	1.000000e-030	1.000000e-030	1.000000e-030	8.428260e-002	1.000000e-030	1.000000e-030	1.000000e-030	8.428260e-002	5.418229e-003	1.000000e-030	1.000000e-030	1.000000e-030	1.000000e-030	1.000000e-030	1.000000e-030	1.000000e-030	1.685652e-001	1.000000e-030	1.000000e-030	6.612413e-002	1.000000e-030	5.222106e-013	1.808157e-010	1.349032e-003	5.899782e-001	1.000000e-030	1.000000e-030	1.000000e-030	1.000000e-030	1.000000e-030	
1.000000e-030	4.766769e-002	1.000000e-030	1.000000e-030	1.000000e-030	1.000000e-030	1.000000e-030	4.766769e-002	1.000000e-030	1.000000e-030	6.253546e-002	1.000000e-030	9.533538e-002	6.355692e-002	1.000000e-030	2.224492e-001	1.000000e-030	1.000000e-030	1.000000e-030	1.000000e-030	1.000000e-030	1.000000e-030	1.000000e-030	1.906708e-001	3.177846e-002	1.000000e-030	5.377550e-012	7.944615e-002	6.355692e-002	1.000000e-030	1.000000e-030	9.533538e-002	
