8.527820e-001	1.472180e-001	0.000000e+000	0.000000e+000	0.000000e+000	
0.000000e+000	8.357864e-001	1.642136e-001	0.000000e+000	0.000000e+000	
0.000000e+000	0.000000e+000	7.935410e-001	2.064590e-001	0.000000e+000	
0.000000e+000	0.000000e+000	0.000000e+000	9.580813e-001	4.191866e-002	
0.000000e+000	0.000000e+000	0.000000e+000	0.000000e+000	1.000000e+000	
1.000000e-030	1.000000e-030	1.000000e-030	1.000000e-030	1.000000e-030	1.000000e-030	1.000000e-030	1.000000e-030	1.000000e-030	1.000000e-030	1.000000e-030	1.000000e-030	1.000000e-030	1.000000e-030	1.000000e-030	1.000000e-030	1.000000e-030	1.000000e-030	1.000000e-030	1.000000e-030	1.000000e-030	1.000000e-030	1.000000e-030	1.472595e-001	1.000000e-030	1.472180e-001	1.000000e-030	1.000000e-030	1.000000e-030	1.000000e-030	1.000000e-030	7.055225e-001	
1.000000e-030	1.000000e-030	1.000000e-030	1.000000e-030	1.000000e-030	1.000000e-030	1.000000e-030	1.000000e-030	1.000000e-030	1.000000e-030	1.000000e-030	1.000000e-030	1.000000e-030	1.000000e-030	1.000000e-030	1.000000e-030	1.000000e-030	1.000000e-030	1.000000e-030	1.000000e-030	1.000000e-030	1.000000e-030	1.000000e-030	1.000000e-030	1.000000e-030	1.000000e-030	1.000000e-030	1.000000e-030	1.000000e-030	1.000000e-030	1.000000e-030	1.000000e+000	
1.000000e-030	1.000000e-030	1.000000e-030	1.000000e-030	1.000000e-030	1.000000e-030	1.000000e-030	1.000000e-030	1.000000e-030	1.000000e-030	1.000000e-030	1.000000e-030	1.000000e-030	1.000000e-030	1.000000e-030	1.000000e-030	1.000000e-030	1.000000e-030	1.000000e-030	1.000000e-030	1.000000e-030	1.000000e-030	1.000000e-030	4.212536e-002	1.000000e-030	1.000000e-030	1.000000e-030	1.000000e-030	1.000000e-030	1.000000e-030	1.000000e-030	9.578746e-001	
1.000000e-030	1.000000e-030	1.000000e-030	1.000000e-030	1.000000e-030	1.000000e-030	1.000000e-030	1.000000e-030	1.000000e-030	1.000000e-030	1.000000e-030	1.000000e-030	1.000000e-030	1.000000e-030	1.000000e-030	1.000000e-030	1.000000e-030	1.000000e-030	1.000000e-030	1.000000e-030	1.000000e-030	1.000000e-030	1.000000e-030	4.915299e-001	1.000000e-030	1.000000e-030	1.000000e-030	4.191616e-002	1.000000e-030	1.000000e-030	1.000000e-030	4.665540e-001	
1.000000e-030	1.000000e-030	1.000000e-030	1.000000e-030	1.000000e-030	1.000000e-030	1.000000e-030	5.224804e-002	1.000000e-030	1.000000e-030	8.708007e-002	1.741601e-002	1.000000e-030	1.000000e-030	1.000000e-030	1.741601e-002	1.000000e-030	1.000000e-030	6.966406e-002	1.000000e-030	1.000000e-030	1.000000e-030	1.000000e-030	3.321213e-001	1.741601e-002	1.741601e-002	6.966406e-002	1.044971e-001	1.000000e-030	1.000000e-030	1.000000e-030	2.150613e-001	
