8.000013e-001	1.999987e-001	0.000000e+000	0.000000e+000	0.000000e+000	
0.000000e+000	8.528175e-001	1.471825e-001	0.000000e+000	0.000000e+000	
0.000000e+000	0.000000e+000	8.649930e-001	1.350070e-001	0.000000e+000	
0.000000e+000	0.000000e+000	0.000000e+000	9.275434e-001	7.245663e-002	
0.000000e+000	0.000000e+000	0.000000e+000	0.000000e+000	1.000000e+000	
1.000000e-030	1.000000e-030	1.000000e-030	1.000000e-030	1.000000e-030	1.000000e-030	1.000000e-030	1.999987e-001	1.000000e-030	1.000000e-030	1.000000e-030	1.000000e-030	1.000000e-030	1.000000e-030	1.000000e-030	1.000000e-030	1.000000e-030	1.000000e-030	1.000000e-030	1.000000e-030	1.000000e-030	1.000000e-030	1.000000e-030	1.599788e-016	1.000000e-030	1.000000e-030	1.000000e-030	7.999856e-001	1.574894e-005	1.000000e-030	1.000000e-030	1.000000e-030	
1.000000e-030	6.556569e-003	1.000000e-030	1.000000e-030	1.000000e-030	1.000000e-030	1.000000e-030	2.522542e-025	1.000000e-030	1.000000e-030	1.000000e-030	1.000000e-030	7.984473e-009	1.000000e-030	1.000000e-030	1.000000e-030	1.000000e-030	1.000000e-030	1.000000e-030	1.000000e-030	1.000000e-030	1.000000e-030	1.000000e-030	1.471825e-001	1.000000e-030	1.000000e-030	1.000000e-030	6.708908e-006	8.462542e-001	1.000000e-030	1.000000e-030	1.000000e-030	
1.000000e-030	1.289929e-001	1.000000e-030	1.000000e-030	1.000000e-030	1.000000e-030	1.000000e-030	2.700141e-001	1.000000e-030	1.282334e-001	1.000000e-030	1.350062e-001	1.350070e-001	1.000000e-030	1.000000e-030	3.395658e-002	1.000000e-030	1.000000e-030	5.909988e-009	1.000000e-030	1.000000e-030	1.000000e-030	1.000000e-030	1.126436e-019	1.000000e-030	1.000000e-030	1.000000e-030	1.000000e-030	1.687898e-001	1.000000e-030	1.000000e-030	1.000000e-030	
1.000000e-030	1.000000e-030	1.000000e-030	1.000000e-030	1.000000e-030	1.000000e-030	1.000000e-030	6.282675e-019	1.000000e-030	3.635304e-003	1.449120e-001	4.657087e-007	1.000000e-030	1.000000e-030	1.000000e-030	5.423255e-002	1.000000e-030	1.000000e-030	2.173699e-001	1.000000e-030	1.000000e-030	1.000000e-030	1.000000e-030	1.000000e-030	7.245663e-002	1.000000e-030	5.071964e-001	1.967983e-004	1.000000e-030	1.000000e-030	1.000000e-030	1.000000e-030	
1.000000e-030	3.030427e-002	1.000000e-030	1.515213e-002	1.000000e-030	1.000000e-030	1.000000e-030	2.575863e-001	1.000000e-030	4.545640e-002	2.663970e-007	9.091281e-002	1.969778e-001	1.000000e-030	1.000000e-030	4.545640e-002	1.000000e-030	1.000000e-030	1.000000e-030	6.060854e-002	3.030427e-002	3.030427e-002	1.000000e-030	1.515213e-002	1.000000e-030	6.060854e-002	1.000000e-030	1.060238e-001	1.515213e-002	1.000000e-030	1.000000e-030	1.000000e-030	
