6.666667e-001	3.333333e-001	0.000000e+000	0.000000e+000	0.000000e+000	
0.000000e+000	8.750000e-001	1.250000e-001	0.000000e+000	0.000000e+000	
0.000000e+000	0.000000e+000	8.992650e-001	1.007350e-001	0.000000e+000	
0.000000e+000	0.000000e+000	0.000000e+000	8.318684e-001	1.681316e-001	
0.000000e+000	0.000000e+000	0.000000e+000	0.000000e+000	1.000000e+000	
1.000000e-030	1.000000e-030	1.000000e-030	1.000000e-030	1.000000e-030	1.000000e-030	1.000000e-030	1.000000e-030	1.000000e-030	1.000000e-030	1.000000e-030	1.000000e-030	1.000000e-030	1.000000e-030	1.000000e-030	1.000000e-030	1.000000e-030	1.000000e-030	1.000000e-030	1.000000e-030	1.000000e-030	1.000000e-030	1.000000e-030	1.000000e-030	1.000000e-030	6.666667e-001	1.000000e-030	1.000000e-030	3.333333e-001	1.000000e-030	1.000000e-030	1.000000e-030	
1.000000e-030	1.000000e-030	1.000000e-030	1.000000e-030	1.000000e-030	1.000000e-030	1.000000e-030	1.000000e-030	1.000000e-030	1.000000e-030	1.000000e-030	1.000000e-030	1.000000e-030	1.000000e-030	1.000000e-030	2.500000e-001	1.000000e-030	1.000000e-030	1.000000e-030	1.000000e-030	1.000000e-030	1.000000e-030	1.000000e-030	6.250000e-001	1.000000e-030	1.000000e-030	1.000000e-030	1.000000e-030	1.276885e-025	1.000000e-030	1.000000e-030	1.250000e-001	
1.000000e-030	1.000000e-030	1.000000e-030	1.000000e-030	1.000000e-030	1.000000e-030	1.000000e-030	1.000000e-030	1.000000e-030	1.000000e-030	1.000000e-030	1.000000e-030	1.000000e-030	2.014700e-001	1.000000e-030	1.099578e-030	1.000000e-030	1.000000e-030	1.000000e-030	1.000000e-030	1.000000e-030	1.000000e-030	1.000000e-030	1.000000e-030	1.000000e-030	7.985300e-001	1.000000e-030	1.000000e-030	1.000000e-030	1.000000e-030	1.000000e-030	1.000000e-030	
1.000000e-030	1.000000e-030	1.000000e-030	1.000000e-030	1.000000e-030	1.000000e-030	1.000000e-030	4.213711e-001	1.000000e-030	1.681316e-001	1.000000e-030	1.000000e-030	1.000000e-030	1.000000e-030	1.000000e-030	1.936188e-001	1.000000e-030	1.000000e-030	1.000000e-030	1.000000e-030	1.000000e-030	1.000000e-030	1.000000e-030	1.489347e-001	1.000000e-030	6.794381e-002	1.000000e-030	1.000000e-030	1.030068e-025	1.000000e-030	1.000000e-030	1.000000e-030	
1.000000e-030	1.000000e-030	1.000000e-030	1.000000e-030	1.000000e-030	1.000000e-030	1.000000e-030	1.454942e-001	1.000000e-030	1.000000e-030	1.000000e-030	1.000000e-030	1.386477e-002	2.772954e-002	1.000000e-030	1.088164e-001	1.000000e-030	1.000000e-030	4.159431e-002	1.000000e-030	1.000000e-030	1.000000e-030	1.000000e-030	1.402308e-001	4.159431e-002	1.479212e-001	1.525125e-001	8.318863e-002	5.545908e-002	1.000000e-030	1.000000e-030	4.159431e-002	
