7.988069e-001	2.011931e-001	0.000000e+000	0.000000e+000	0.000000e+000	
0.000000e+000	9.002687e-001	9.973135e-002	0.000000e+000	0.000000e+000	
0.000000e+000	0.000000e+000	6.831042e-001	3.168958e-001	0.000000e+000	
0.000000e+000	0.000000e+000	0.000000e+000	9.364890e-001	6.351097e-002	
0.000000e+000	0.000000e+000	0.000000e+000	0.000000e+000	1.000000e+000	
2.011931e-001	1.000000e-030	1.000000e-030	6.035793e-001	1.000000e-030	1.000000e-030	1.000000e-030	1.000000e-030	1.000000e-030	1.000000e-030	1.000000e-030	1.000000e-030	1.000000e-030	1.000000e-030	1.000000e-030	1.000000e-030	1.000000e-030	1.000000e-030	1.000000e-030	1.000000e-030	1.952274e-001	1.000000e-030	1.000000e-030	1.000000e-030	1.000000e-030	1.000000e-030	1.000000e-030	1.000000e-030	2.097845e-007	1.000000e-030	1.000000e-030	1.000000e-030	
1.000000e-030	1.000000e-030	1.000000e-030	1.146680e-006	1.000000e-030	1.000000e-030	1.000000e-030	1.000000e-030	1.000000e-030	1.000000e-030	1.000000e-030	1.000000e-030	1.000000e-030	1.000000e-030	1.000000e-030	1.000000e-030	1.000000e-030	1.000000e-030	1.000000e-030	1.000000e-030	2.957185e-003	1.000000e-030	1.000000e-030	1.000000e-030	1.000000e-030	1.000000e-030	1.000000e-030	1.000000e-030	9.970417e-001	1.000000e-030	1.000000e-030	1.000000e-030	
1.000000e-030	1.000000e-030	1.000000e-030	6.337881e-001	1.000000e-030	1.000000e-030	1.000000e-030	4.908488e-002	1.000000e-030	1.000000e-030	1.000000e-030	7.530790e-010	1.000000e-030	1.000000e-030	1.000000e-030	3.162636e-001	1.000000e-030	1.000000e-030	1.000000e-030	1.000000e-030	1.000000e-030	1.000000e-030	1.000000e-030	1.000000e-030	1.000000e-030	1.000000e-030	1.000000e-030	1.000000e-030	8.633615e-004	1.000000e-030	1.000000e-030	1.000000e-030	
1.000000e-030	1.000000e-030	1.000000e-030	1.327443e-014	6.351096e-002	1.000000e-030	1.000000e-030	1.171845e-001	1.000000e-030	1.000000e-030	1.000000e-030	1.270219e-001	2.540438e-001	1.000000e-030	1.000000e-030	1.267064e-004	1.000000e-030	1.000000e-030	3.745984e-001	1.000000e-030	1.000000e-030	1.000000e-030	1.000000e-030	1.000000e-030	1.000000e-030	1.000000e-030	2.641786e-006	1.000000e-030	6.351096e-002	1.000000e-030	1.000000e-030	1.000000e-030	
1.000000e-030	9.216336e-002	1.000000e-030	1.536056e-002	4.608168e-002	1.000000e-030	1.000000e-030	1.382450e-001	1.000000e-030	3.072112e-002	1.536056e-002	1.536056e-001	9.216337e-002	1.536056e-002	1.000000e-030	4.608168e-002	1.000000e-030	1.000000e-030	3.228530e-002	6.144224e-002	1.000000e-030	1.536056e-002	1.000000e-030	1.536056e-002	1.000000e-030	9.216336e-002	1.075233e-001	1.536056e-002	1.536056e-002	1.000000e-030	1.000000e-030	1.000000e-030	
