7.256406e-001	2.743594e-001	0.000000e+000	0.000000e+000	0.000000e+000	
0.000000e+000	5.788544e-001	4.211456e-001	0.000000e+000	0.000000e+000	
0.000000e+000	0.000000e+000	9.337448e-001	6.625521e-002	0.000000e+000	
0.000000e+000	0.000000e+000	0.000000e+000	9.228347e-001	7.716528e-002	
0.000000e+000	0.000000e+000	0.000000e+000	0.000000e+000	1.000000e+000	
1.000000e-030	1.000000e-030	1.000000e-030	1.000000e-030	1.000000e-030	1.000000e-030	1.000000e-030	1.000000e-030	1.000000e-030	1.000000e-030	1.000000e-030	1.000000e-030	1.000000e-030	1.290025e-004	1.000000e-030	1.000000e-030	1.000000e-030	1.000000e-030	1.000000e-030	1.000000e-030	1.000000e-030	1.000000e-030	1.000000e-030	1.000000e-030	1.000000e-030	2.743594e-001	1.000000e-030	1.000000e-030	1.767927e-001	5.487188e-001	1.000000e-030	1.000000e-030	
1.000000e-030	1.000000e-030	1.000000e-030	1.000000e-030	1.000000e-030	1.000000e-030	1.000000e-030	1.000000e-030	1.000000e-030	1.000000e-030	1.000000e-030	1.000000e-030	1.000000e-030	8.420931e-001	1.000000e-030	8.508208e-022	1.000000e-030	1.000000e-030	1.000000e-030	1.000000e-030	1.000000e-030	1.000000e-030	1.000000e-030	2.906867e-008	1.000000e-030	1.000000e-030	1.000000e-030	1.000000e-030	1.497663e-001	5.651516e-008	1.000000e-030	8.140538e-003	
1.000000e-030	1.000000e-030	7.470247e-003	1.000000e-030	1.000000e-030	1.000000e-030	1.000000e-030	1.000000e-030	1.000000e-030	1.000000e-030	1.000000e-030	1.000000e-030	1.000000e-030	1.403342e-009	1.000000e-030	1.987479e-001	1.000000e-030	1.000000e-030	1.467868e-011	1.000000e-030	1.000000e-030	1.000000e-030	1.000000e-030	3.312761e-001	1.000000e-030	1.000000e-030	1.000000e-030	1.000000e-030	1.000000e-030	1.000000e-030	1.000000e-030	4.625058e-001	
1.000000e-030	1.000000e-030	6.846493e-002	1.000000e-030	1.000000e-030	1.000000e-030	1.000000e-030	1.000000e-030	1.000000e-030	1.000000e-030	8.687296e-007	1.000000e-030	1.000000e-030	1.000000e-030	1.000000e-030	2.071122e-005	1.000000e-030	1.000000e-030	2.314958e-001	1.000000e-030	1.000000e-030	1.000000e-030	1.000000e-030	1.000000e-030	1.000000e-030	1.000000e-030	6.944875e-001	5.530100e-003	1.000000e-030	1.000000e-030	1.000000e-030	6.238530e-022	
1.000000e-030	1.000000e-030	1.000000e-030	1.000000e-030	1.000000e-030	1.000000e-030	1.000000e-030	1.000000e-030	1.000000e-030	1.000000e-030	3.080302e-002	1.540160e-002	1.000000e-030	1.540160e-002	1.000000e-030	6.160640e-002	1.000000e-030	1.000000e-030	1.000000e-030	1.000000e-030	1.000000e-030	1.000000e-030	1.000000e-030	3.696384e-001	1.000000e-030	2.156224e-001	9.069810e-014	7.590423e-002	1.000000e-030	4.620480e-002	1.000000e-030	1.694176e-001	
