8.333333e-001	1.666667e-001	0.000000e+000	0.000000e+000	0.000000e+000	
0.000000e+000	8.000000e-001	2.000000e-001	0.000000e+000	0.000000e+000	
0.000000e+000	0.000000e+000	9.285714e-001	7.142857e-002	0.000000e+000	
0.000000e+000	0.000000e+000	0.000000e+000	9.090909e-001	9.090909e-002	
0.000000e+000	0.000000e+000	0.000000e+000	0.000000e+000	1.000000e+000	
1.000000e-030	1.000000e-030	1.000000e-030	1.000000e-030	1.000000e-030	1.000000e-030	1.000000e-030	1.000000e-030	1.000000e-030	1.666667e-001	1.000000e-030	1.000000e-030	1.000000e-030	1.000000e-030	1.000000e-030	7.626673e-015	1.000000e-030	1.000000e-030	1.000000e-030	3.333333e-001	1.000000e-030	1.000000e-030	1.000000e-030	1.000000e-030	1.000000e-030	3.333333e-001	1.000000e-030	1.000000e-030	1.666667e-001	1.000000e-030	1.000000e-030	1.000000e-030	
1.000000e-030	1.000000e-030	1.000000e-030	1.000000e-030	1.000000e-030	1.000000e-030	1.000000e-030	1.000000e-030	1.000000e-030	1.000000e-030	1.000000e-030	2.000000e-001	2.000000e-001	1.000000e-030	1.000000e-030	2.000000e-001	1.000000e-030	1.000000e-030	1.000000e-030	1.000000e-030	1.000000e-030	1.000000e-030	1.000000e-030	1.000000e-030	1.000000e-030	1.000000e-030	1.000000e-030	1.000000e-030	4.000000e-001	1.000000e-030	1.000000e-030	1.000000e-030	
1.000000e-030	1.000000e-030	1.000000e-030	3.116000e-024	1.000000e-030	1.000000e-030	1.000000e-030	4.285714e-001	1.000000e-030	7.142857e-002	1.000000e-030	1.000000e-030	7.142857e-002	1.000000e-030	1.000000e-030	7.142857e-002	1.000000e-030	1.000000e-030	1.000000e-030	1.428571e-001	1.000000e-030	1.428571e-001	1.000000e-030	7.142857e-002	1.000000e-030	1.000000e-030	1.000000e-030	1.000000e-030	1.000000e-030	1.000000e-030	1.000000e-030	1.000000e-030	
1.000000e-030	1.000000e-030	1.000000e-030	9.090909e-002	1.000000e-030	1.000000e-030	1.000000e-030	1.000000e-030	1.000000e-030	1.000000e-030	1.009710e-016	9.090909e-002	1.000000e-030	1.000000e-030	1.000000e-030	1.000000e-030	1.000000e-030	1.000000e-030	1.818182e-001	1.000000e-030	1.000000e-030	1.000000e-030	1.000000e-030	1.000000e-030	1.000000e-030	1.000000e-030	6.363636e-001	1.000000e-030	1.000000e-030	1.000000e-030	1.000000e-030	1.000000e-030	
1.000000e-030	1.587302e-002	1.000000e-030	1.587302e-002	1.000000e-030	1.000000e-030	1.000000e-030	2.380952e-001	1.000000e-030	6.349206e-002	9.523810e-002	2.380952e-001	3.174603e-002	3.174603e-002	1.000000e-030	1.587302e-002	1.000000e-030	1.000000e-030	1.000000e-030	1.111111e-001	1.000000e-030	1.000000e-030	1.000000e-030	3.174603e-002	1.000000e-030	4.761905e-002	1.000000e-030	3.174603e-002	3.174603e-002	1.000000e-030	1.000000e-030	1.000000e-030	
