4.850440e-012	1.000000e+000	0.000000e+000	0.000000e+000	0.000000e+000	
0.000000e+000	9.156784e-001	8.432161e-002	0.000000e+000	0.000000e+000	
0.000000e+000	0.000000e+000	9.176429e-001	8.235714e-002	0.000000e+000	
0.000000e+000	0.000000e+000	0.000000e+000	9.230675e-001	7.693252e-002	
0.000000e+000	0.000000e+000	0.000000e+000	0.000000e+000	1.000000e+000	
1.000000e-030	1.000000e-030	1.000000e-030	1.000000e-030	1.000000e-030	1.000000e-030	1.000000e-030	1.000000e-030	1.000000e-030	1.000000e-030	1.000000e-030	1.000000e-030	1.000000e-030	1.000000e+000	1.000000e-030	1.000000e-030	1.000000e-030	1.000000e-030	1.000000e-030	1.000000e-030	1.000000e-030	1.000000e-030	1.000000e-030	1.000000e-030	1.000000e-030	1.000000e-030	1.000000e-030	1.000000e-030	1.000000e-030	1.000000e-030	1.000000e-030	4.850440e-012	
1.000000e-030	1.000000e-030	1.000000e-030	1.000000e-030	1.000000e-030	1.000000e-030	1.000000e-030	3.152099e-027	1.000000e-030	1.000000e-030	1.000000e-030	1.000000e-030	1.000000e-030	1.000000e-030	1.000000e-030	1.686432e-001	1.000000e-030	1.000000e-030	1.000000e-030	1.000000e-030	1.000000e-030	1.000000e-030	1.000000e-030	4.097488e-001	1.000000e-030	1.000000e-030	1.000000e-030	1.000000e-030	1.000000e-030	1.000000e-030	1.000000e-030	4.216081e-001	
1.000000e-030	1.000000e-030	1.000000e-030	1.000000e-030	1.000000e-030	1.000000e-030	1.000000e-030	2.470714e-001	1.000000e-030	1.000000e-030	1.000000e-030	1.000000e-030	1.000000e-030	2.470714e-001	1.000000e-030	3.052856e-008	1.000000e-030	1.000000e-030	1.000000e-030	1.000000e-030	1.000000e-030	1.000000e-030	1.000000e-030	5.057258e-001	1.000000e-030	1.000000e-030	1.000000e-030	1.000000e-030	1.000000e-030	1.313491e-004	1.000000e-030	1.000000e-030	
1.000000e-030	1.000000e-030	1.000000e-030	1.000000e-030	1.000000e-030	1.000000e-030	1.000000e-030	1.000000e-030	1.000000e-030	1.000000e-030	5.253378e-012	1.000000e-030	1.000000e-030	1.000000e-030	1.000000e-030	1.000000e-030	1.000000e-030	1.000000e-030	1.538650e-001	1.000000e-030	1.000000e-030	1.000000e-030	1.000000e-030	7.743200e-020	1.000000e-030	1.000000e-030	6.154601e-001	7.693252e-002	7.693252e-002	7.680982e-002	1.000000e-030	1.000000e-030	
1.000000e-030	1.000000e-030	1.000000e-030	1.000000e-030	1.000000e-030	1.000000e-030	1.000000e-030	4.918033e-002	1.000000e-030	1.000000e-030	8.196721e-002	1.000000e-030	1.000000e-030	6.557377e-002	1.000000e-030	8.196721e-002	1.000000e-030	1.000000e-030	1.000000e-030	1.000000e-030	1.000000e-030	1.000000e-030	1.000000e-030	3.114754e-001	1.000000e-030	8.196721e-002	1.000000e-030	3.278689e-002	1.000000e-030	1.475410e-001	1.000000e-030	1.475410e-001	
