8.642791e-001	1.357209e-001	0.000000e+000	0.000000e+000	0.000000e+000	
0.000000e+000	8.009152e-001	1.990848e-001	0.000000e+000	0.000000e+000	
0.000000e+000	0.000000e+000	8.857733e-001	1.142267e-001	0.000000e+000	
0.000000e+000	0.000000e+000	0.000000e+000	9.406671e-001	5.933286e-002	
0.000000e+000	0.000000e+000	0.000000e+000	0.000000e+000	1.000000e+000	
1.000000e-030	1.000000e-030	1.000000e-030	1.000000e-030	1.000000e-030	1.000000e-030	1.000000e-030	1.000000e-030	1.000000e-030	1.000000e-030	1.000000e-030	1.000000e-030	1.000000e-030	1.000000e-030	1.000000e-030	1.000000e-030	1.000000e-030	1.000000e-030	1.000000e-030	1.000000e-030	1.000000e-030	1.000000e-030	1.000000e-030	3.518562e-003	1.000000e-030	6.390615e-017	1.000000e-030	1.000000e-030	1.000000e-030	1.000000e-030	1.000000e-030	9.964814e-001	
1.000000e-030	1.000000e-030	1.000000e-030	1.000000e-030	1.000000e-030	1.000000e-030	1.000000e-030	1.000000e-030	1.000000e-030	1.000000e-030	1.000000e-030	1.000000e-030	1.000000e-030	1.000000e-030	1.000000e-030	5.813833e-006	1.000000e-030	1.000000e-030	1.000000e-030	1.000000e-030	1.000000e-030	1.000000e-030	1.000000e-030	3.559867e-001	1.000000e-030	1.990846e-001	1.000000e-030	1.000000e-030	1.000000e-030	1.000000e-030	1.000000e-030	4.449228e-001	
1.000000e-030	1.000000e-030	1.000000e-030	1.000000e-030	1.000000e-030	1.000000e-030	1.000000e-030	1.000000e-030	1.000000e-030	1.000000e-030	1.000000e-030	1.000000e-030	1.922426e-002	1.142267e-001	1.000000e-030	3.426768e-001	1.000000e-030	1.000000e-030	3.113448e-015	1.000000e-030	1.000000e-030	1.000000e-030	1.000000e-030	2.496949e-001	1.000000e-030	6.321333e-008	1.000000e-030	1.000000e-030	1.116298e-001	1.000000e-030	1.000000e-030	1.625474e-001	
1.000000e-030	1.000000e-030	1.000000e-030	1.000000e-030	1.000000e-030	1.000000e-030	1.000000e-030	1.000000e-030	1.000000e-030	1.000000e-030	2.966643e-001	1.186437e-001	4.934719e-002	3.058232e-010	1.000000e-030	1.000000e-030	1.000000e-030	1.000000e-030	1.186657e-001	1.000000e-030	1.000000e-030	1.000000e-030	1.000000e-030	1.000000e-030	1.000000e-030	1.000000e-030	4.153300e-001	1.022486e-007	1.348922e-003	1.000000e-030	1.000000e-030	1.000000e-030	
1.000000e-030	1.000000e-030	1.000000e-030	1.000000e-030	1.000000e-030	1.000000e-030	1.000000e-030	1.000000e-030	1.000000e-030	1.000000e-030	1.000000e-030	6.078489e-006	1.000000e-030	4.918003e-002	1.000000e-030	8.196672e-002	1.000000e-030	1.000000e-030	1.000000e-030	1.000000e-030	1.000000e-030	1.000000e-030	1.000000e-030	2.622935e-001	1.000000e-030	3.278669e-002	1.000000e-030	3.278666e-002	1.000000e-030	3.278669e-002	1.000000e-030	5.081936e-001	
