7.559836e-001	2.440164e-001	0.000000e+000	0.000000e+000	0.000000e+000	
0.000000e+000	8.403201e-001	1.596799e-001	0.000000e+000	0.000000e+000	
0.000000e+000	0.000000e+000	8.485893e-001	1.514107e-001	0.000000e+000	
0.000000e+000	0.000000e+000	0.000000e+000	9.399816e-001	6.001845e-002	
0.000000e+000	0.000000e+000	0.000000e+000	0.000000e+000	1.000000e+000	
1.000000e-030	1.000000e-030	1.000000e-030	4.587023e-025	2.440122e-001	1.000000e-030	1.000000e-030	1.000000e-030	1.000000e-030	1.000000e-030	1.000000e-030	2.498308e-001	4.880328e-001	1.000000e-030	1.000000e-030	1.000000e-030	1.000000e-030	1.000000e-030	1.000000e-030	1.000000e-030	1.812428e-002	1.000000e-030	1.000000e-030	1.000000e-030	1.000000e-030	1.000000e-030	1.000000e-030	1.000000e-030	1.000000e-030	1.000000e-030	1.000000e-030	1.000000e-030	
1.000000e-030	1.000000e-030	1.000000e-030	1.596799e-001	2.761886e-006	1.000000e-030	1.000000e-030	1.000000e-030	1.000000e-030	5.758282e-002	1.000000e-030	4.752349e-001	1.000000e-030	1.000000e-030	1.000000e-030	1.000000e-030	1.000000e-030	1.000000e-030	1.000000e-030	3.531533e-018	3.074996e-001	1.000000e-030	1.000000e-030	1.000000e-030	1.000000e-030	1.000000e-030	1.000000e-030	1.000000e-030	1.000000e-030	1.000000e-030	1.000000e-030	1.000000e-030	
1.000000e-030	1.000000e-030	1.000000e-030	1.000000e-030	1.085609e-015	1.509906e-001	1.000000e-030	1.479271e-001	1.000000e-030	9.680988e-002	1.000000e-030	7.738487e-015	1.000000e-030	1.000000e-030	1.000000e-030	1.000000e-030	1.000000e-030	1.000000e-030	1.000000e-030	3.028214e-001	1.000000e-030	1.514107e-001	1.000000e-030	1.000000e-030	1.000000e-030	1.000000e-030	1.000000e-030	1.000000e-030	1.500403e-001	1.000000e-030	1.000000e-030	1.000000e-030	
1.000000e-030	1.800553e-001	6.001845e-002	6.001845e-002	3.601107e-001	6.018495e-002	1.000000e-030	1.380897e-003	1.000000e-030	1.000000e-030	1.000000e-030	6.001845e-002	1.200369e-001	1.000000e-030	1.000000e-030	1.000000e-030	1.000000e-030	1.000000e-030	3.761423e-002	1.000000e-030	1.000000e-030	1.000000e-030	1.000000e-030	1.000000e-030	1.000000e-030	1.000000e-030	2.997568e-019	1.000000e-030	6.056167e-002	1.000000e-030	1.000000e-030	1.000000e-030	
1.529677e-002	7.648384e-002	1.000000e-030	1.000000e-030	5.200901e-001	1.529677e-002	1.000000e-030	1.000000e-030	1.000000e-030	1.000000e-030	1.529677e-002	4.589030e-002	7.144151e-026	1.000000e-030	1.000000e-030	1.000000e-030	3.059353e-002	1.000000e-030	2.100688e-002	1.000000e-030	1.529677e-002	1.000000e-030	1.000000e-030	1.000000e-030	1.000000e-030	1.000000e-030	1.223741e-001	1.070774e-001	1.000000e-030	1.529677e-002	1.000000e-030	1.000000e-030	
