7.999985e-001	2.000015e-001	0.000000e+000	0.000000e+000	0.000000e+000	
0.000000e+000	7.969941e-001	2.030059e-001	0.000000e+000	0.000000e+000	
0.000000e+000	0.000000e+000	9.377888e-001	6.221120e-002	0.000000e+000	
0.000000e+000	0.000000e+000	0.000000e+000	9.335148e-001	6.648524e-002	
0.000000e+000	0.000000e+000	0.000000e+000	0.000000e+000	1.000000e+000	
1.000000e-030	1.000000e-030	1.000000e-030	1.000000e-030	1.000000e-030	1.000000e-030	1.000000e-030	3.708709e-006	1.000000e-030	1.000000e-030	1.000000e-030	4.000029e-001	5.999934e-001	1.000000e-030	1.000000e-030	1.000000e-030	1.000000e-030	1.000000e-030	1.000000e-030	1.000000e-030	1.000000e-030	1.000000e-030	1.000000e-030	1.000000e-030	1.000000e-030	1.000000e-030	1.000000e-030	1.000000e-030	1.000000e-030	1.000000e-030	1.000000e-030	1.000000e-030	
1.000000e-030	1.000000e-030	1.000000e-030	1.000000e-030	1.000000e-030	1.000000e-030	1.000000e-030	5.939514e-001	1.000000e-030	1.000000e-030	1.000000e-030	1.000000e-030	1.117241e-005	1.000000e-030	1.000000e-030	2.030056e-001	1.000000e-030	1.000000e-030	1.000000e-030	1.000000e-030	1.000000e-030	1.000000e-030	1.000000e-030	2.030053e-001	1.000000e-030	1.000000e-030	1.000000e-030	2.656244e-005	1.000000e-030	1.000000e-030	1.000000e-030	1.000000e-030	
1.000000e-030	1.000000e-030	1.000000e-030	1.000000e-030	1.000000e-030	1.000000e-030	1.000000e-030	5.645165e-001	1.000000e-030	1.000000e-030	1.000000e-030	1.244224e-001	1.000000e-030	1.000000e-030	1.000000e-030	6.221129e-002	1.000000e-030	1.000000e-030	1.000000e-030	1.000000e-030	1.000000e-030	1.289411e-005	1.000000e-030	1.885702e-007	1.000000e-030	1.000000e-030	1.000000e-030	2.488367e-001	1.000000e-030	1.000000e-030	1.000000e-030	1.000000e-030	
1.000000e-030	1.000000e-030	1.994557e-001	1.000000e-030	1.000000e-030	1.000000e-030	6.648524e-002	2.258083e-007	1.000000e-030	1.000000e-030	1.000000e-030	1.000000e-030	6.648524e-002	1.000000e-030	1.000000e-030	1.000000e-030	1.000000e-030	1.000000e-030	1.000000e-030	1.000000e-030	1.000000e-030	6.647146e-002	1.000000e-030	1.000000e-030	1.000000e-030	1.000000e-030	5.986423e-001	2.459811e-003	1.000000e-030	1.000000e-030	1.000000e-030	1.000000e-030	
1.000000e-030	1.000000e-030	1.725362e-002	1.000000e-030	1.725362e-002	1.000000e-030	1.000000e-030	6.901446e-002	1.000000e-030	1.000000e-030	1.000000e-030	1.035217e-001	6.901446e-002	1.725362e-002	1.000000e-030	5.176085e-002	1.000000e-030	1.725362e-002	1.000000e-030	1.000000e-030	1.725362e-002	1.000000e-030	1.000000e-030	2.933115e-001	1.000000e-030	6.901446e-002	1.718222e-002	8.562973e-002	1.725362e-002	1.725362e-002	1.000000e-030	1.207753e-001	
