6.740694e-001	3.259306e-001	0.000000e+000	0.000000e+000	0.000000e+000	
0.000000e+000	8.749037e-001	1.250963e-001	0.000000e+000	0.000000e+000	
0.000000e+000	0.000000e+000	9.162260e-001	8.377400e-002	0.000000e+000	
0.000000e+000	0.000000e+000	0.000000e+000	4.712456e-001	5.287544e-001	
0.000000e+000	0.000000e+000	0.000000e+000	0.000000e+000	1.000000e+000	
1.000000e-030	1.000000e-030	1.000000e-030	1.000000e-030	1.000000e-030	1.000000e-030	1.000000e-030	1.000000e-030	1.000000e-030	1.000000e-030	1.000000e-030	1.000000e-030	1.000000e-030	1.000000e-030	1.000000e-030	3.259306e-001	1.000000e-030	1.000000e-030	1.000000e-030	1.000000e-030	1.000000e-030	1.000000e-030	1.000000e-030	4.552990e-001	1.000000e-030	1.000000e-030	1.000000e-030	1.000000e-030	1.000000e-030	4.856440e-012	1.000000e-030	2.187704e-001	
1.000000e-030	1.000000e-030	1.000000e-030	1.000000e-030	1.000000e-030	1.000000e-030	1.000000e-030	1.000000e-030	1.000000e-030	1.000000e-030	1.000000e-030	1.000000e-030	1.000000e-030	1.000000e-030	1.000000e-030	3.243102e-010	1.000000e-030	1.000000e-030	1.000000e-030	1.000000e-030	1.000000e-030	1.000000e-030	1.000000e-030	2.005393e-001	1.000000e-030	1.000000e-030	1.000000e-030	1.000000e-030	1.000000e-030	3.480180e-001	1.000000e-030	4.514427e-001	
1.000000e-030	1.000000e-030	1.000000e-030	1.000000e-030	1.000000e-030	1.000000e-030	1.000000e-030	1.000000e-030	1.000000e-030	1.000000e-030	1.000000e-030	1.000000e-030	1.000000e-030	1.000000e-030	1.000000e-030	1.000000e-030	1.000000e-030	1.000000e-030	1.000000e-030	1.000000e-030	1.000000e-030	1.000000e-030	1.000000e-030	1.240307e-009	1.000000e-030	1.000000e-030	1.000000e-030	1.000000e-030	1.000000e-030	1.826261e-002	1.000000e-030	9.817374e-001	
1.000000e-030	1.000000e-030	1.000000e-030	6.479599e-023	1.000000e-030	1.000000e-030	1.000000e-030	1.000000e-030	1.000000e-030	1.000000e-030	1.000000e-030	1.000000e-030	4.777620e-002	1.000000e-030	1.000000e-030	1.000000e-030	1.000000e-030	1.000000e-030	1.000000e-030	1.000000e-030	1.000000e-030	1.000000e-030	1.000000e-030	9.516350e-001	1.000000e-030	1.000000e-030	1.000000e-030	1.000000e-030	1.000000e-030	1.000000e-030	1.000000e-030	5.887566e-004	
1.000000e-030	1.000000e-030	1.000000e-030	1.349347e-002	1.000000e-030	1.000000e-030	1.000000e-030	9.445431e-002	1.000000e-030	1.000000e-030	2.698695e-002	1.349347e-002	1.337155e-001	2.698695e-002	1.000000e-030	1.484282e-001	1.000000e-030	1.000000e-030	2.698695e-002	1.000000e-030	1.000000e-030	1.000000e-030	1.000000e-030	1.241431e-001	1.000000e-030	1.000000e-030	1.349347e-001	2.698695e-002	1.000000e-030	1.000000e-030	1.000000e-030	2.293894e-001	
