6.963250e-001	3.036750e-001	0.000000e+000	0.000000e+000	0.000000e+000	
0.000000e+000	8.851499e-001	1.148501e-001	0.000000e+000	0.000000e+000	
0.000000e+000	0.000000e+000	8.754216e-001	1.245784e-001	0.000000e+000	
0.000000e+000	0.000000e+000	0.000000e+000	9.285137e-001	7.148634e-002	
0.000000e+000	0.000000e+000	0.000000e+000	0.000000e+000	1.000000e+000	
1.000000e-030	1.000000e-030	1.000000e-030	1.000000e-030	1.000000e-030	1.000000e-030	1.000000e-030	1.000000e-030	1.000000e-030	1.000000e-030	1.000000e-030	1.000000e-030	1.000000e-030	1.000000e-030	1.000000e-030	3.036750e-001	1.000000e-030	1.000000e-030	1.000000e-030	1.000000e-030	1.000000e-030	1.000000e-030	1.000000e-030	1.503980e-009	1.000000e-030	3.926499e-001	1.000000e-030	1.000000e-030	1.000000e-030	1.000000e-030	1.000000e-030	3.036750e-001	
1.000000e-030	1.000000e-030	1.000000e-030	1.000000e-030	1.000000e-030	1.000000e-030	1.000000e-030	1.148501e-001	1.000000e-030	1.000000e-030	1.000000e-030	1.000000e-030	1.000000e-030	1.000000e-030	1.000000e-030	5.740887e-014	1.000000e-030	1.000000e-030	1.000000e-030	1.000000e-030	1.000000e-030	1.000000e-030	1.000000e-030	6.891001e-001	1.000000e-030	1.960498e-001	1.000000e-030	1.000000e-030	1.000000e-030	1.070482e-010	1.000000e-030	1.000000e-030	
1.000000e-030	1.000000e-030	1.000000e-030	1.000000e-030	1.000000e-030	1.000000e-030	1.000000e-030	1.000000e-030	1.000000e-030	1.000000e-030	1.000000e-030	1.000000e-030	1.000000e-030	1.000000e-030	1.000000e-030	1.000000e-030	1.000000e-030	1.000000e-030	1.000000e-030	1.240764e-001	1.000000e-030	1.000000e-030	1.000000e-030	4.680043e-007	1.000000e-030	3.932739e-003	1.000000e-030	1.245781e-001	1.000000e-030	7.474123e-001	1.000000e-030	1.000000e-030	
1.000000e-030	1.000000e-030	1.000000e-030	1.000000e-030	1.000000e-030	1.000000e-030	7.148634e-002	1.000000e-030	1.000000e-030	1.000000e-030	1.000000e-030	1.000000e-030	1.000000e-030	1.429727e-001	1.000000e-030	1.429727e-001	1.000000e-030	1.000000e-030	1.676440e-020	2.880409e-004	6.559267e-002	1.429727e-001	1.000000e-030	1.390123e-001	1.000000e-030	1.407160e-001	1.000000e-030	7.148653e-002	1.098036e-002	7.151974e-002	1.000000e-030	1.000000e-030	
1.000000e-030	1.000000e-030	1.000000e-030	1.000000e-030	1.000000e-030	1.000000e-030	1.000000e-030	9.233007e-002	1.000000e-030	1.000000e-030	1.538835e-002	1.538835e-001	1.538835e-002	6.155338e-002	1.000000e-030	6.155338e-002	1.000000e-030	1.000000e-030	6.155338e-002	1.000000e-030	1.268688e-003	1.000000e-030	1.000000e-030	2.624544e-001	1.000000e-030	6.155338e-002	1.231068e-001	3.036103e-015	2.841303e-002	3.077669e-002	1.000000e-030	3.077669e-002	
