7.499399e-001	2.500601e-001	0.000000e+000	0.000000e+000	0.000000e+000	
0.000000e+000	8.788994e-001	1.211006e-001	0.000000e+000	0.000000e+000	
0.000000e+000	0.000000e+000	8.969462e-001	1.030538e-001	0.000000e+000	
0.000000e+000	0.000000e+000	0.000000e+000	9.287745e-001	7.122551e-002	
0.000000e+000	0.000000e+000	0.000000e+000	0.000000e+000	1.000000e+000	
1.000000e-030	1.000000e-030	1.000000e-030	1.000000e-030	1.000000e-030	1.000000e-030	1.000000e-030	2.500601e-001	1.000000e-030	1.000000e-030	1.000000e-030	1.000000e-030	1.000000e-030	1.000000e-030	1.000000e-030	2.500601e-001	1.000000e-030	1.000000e-030	1.000000e-030	1.000000e-030	1.000000e-030	1.000000e-030	1.000000e-030	1.527893e-007	1.000000e-030	1.000000e-030	1.000000e-030	2.500601e-001	1.000000e-030	1.000000e-030	1.000000e-030	2.498194e-001	
1.000000e-030	1.000000e-030	1.000000e-030	1.000000e-030	1.000000e-030	1.000000e-030	1.000000e-030	6.342632e-009	1.000000e-030	1.000000e-030	1.000000e-030	3.538944e-002	1.000000e-030	1.210270e-001	1.000000e-030	1.605892e-023	1.000000e-030	1.000000e-030	1.000000e-030	1.000000e-030	1.000000e-030	1.000000e-030	1.000000e-030	6.046989e-001	1.000000e-030	1.000000e-030	1.000000e-030	1.176674e-001	1.000000e-030	1.211006e-001	1.000000e-030	1.165737e-004	
1.000000e-030	1.000000e-030	1.000000e-030	9.896264e-002	1.000000e-030	1.000000e-030	1.000000e-030	1.030538e-001	1.000000e-030	1.000000e-030	1.000000e-030	7.293823e-002	1.000000e-030	1.031165e-001	1.000000e-030	1.030538e-001	1.000000e-030	1.000000e-030	8.050663e-009	1.000000e-030	1.000000e-030	1.000000e-030	1.000000e-030	1.037381e-001	1.000000e-030	2.061077e-001	1.000000e-030	2.921548e-003	1.000000e-030	1.000000e-030	1.000000e-030	2.061077e-001	
1.000000e-030	1.000000e-030	1.000000e-030	2.827623e-003	1.000000e-030	1.000000e-030	1.000000e-030	1.000000e-030	1.000000e-030	1.000000e-030	1.000000e-030	1.000000e-030	1.000000e-030	1.000000e-030	1.000000e-030	1.000000e-030	1.000000e-030	1.000000e-030	2.136765e-001	1.000000e-030	1.000000e-030	1.000000e-030	1.000000e-030	1.000000e-030	7.122550e-002	1.808270e-016	7.122551e-001	1.530905e-005	1.000000e-030	1.000000e-030	1.000000e-030	1.000000e-030	
1.000000e-030	1.000000e-030	1.000000e-030	1.000000e-030	1.000000e-030	1.000000e-030	1.000000e-030	6.349228e-002	1.000000e-030	1.000000e-030	1.000000e-030	1.000000e-030	1.000000e-030	4.761921e-002	1.000000e-030	1.269846e-001	1.000000e-030	1.000000e-030	1.000000e-030	4.761921e-002	1.000000e-030	1.000000e-030	1.000000e-030	3.809537e-001	3.994418e-010	1.111115e-001	1.000000e-030	1.111081e-001	1.000000e-030	3.174614e-002	1.000000e-030	7.936535e-002	
