5.579419e-001	4.420581e-001	0.000000e+000	0.000000e+000	0.000000e+000	
0.000000e+000	8.875232e-001	1.124768e-001	0.000000e+000	0.000000e+000	
0.000000e+000	0.000000e+000	9.134159e-001	8.658412e-002	0.000000e+000	
0.000000e+000	0.000000e+000	0.000000e+000	8.927160e-001	1.072840e-001	
0.000000e+000	0.000000e+000	0.000000e+000	0.000000e+000	1.000000e+000	
1.000000e-030	1.000000e-030	1.000000e-030	1.000000e-030	1.000000e-030	1.000000e-030	1.000000e-030	1.000000e-030	1.000000e-030	1.000000e-030	1.000000e-030	1.000000e-030	1.000000e-030	1.000000e-030	1.000000e-030	1.000000e-030	1.000000e-030	1.000000e-030	1.000000e-030	1.000000e-030	1.000000e-030	1.000000e-030	1.000000e-030	2.645209e-005	1.000000e-030	1.000000e-030	1.000000e-030	1.000000e-030	1.000000e-030	1.000000e-030	1.000000e-030	9.999735e-001	
1.000000e-030	1.000000e-030	1.000000e-030	1.000000e-030	1.000000e-030	1.000000e-030	1.000000e-030	1.000000e-030	1.000000e-030	1.000000e-030	1.636472e-021	1.000000e-030	1.000000e-030	1.000000e-030	1.000000e-030	1.124768e-001	1.000000e-030	1.000000e-030	1.000000e-030	1.000000e-030	1.000000e-030	1.000000e-030	1.000000e-030	4.676408e-001	1.000000e-030	1.000000e-030	1.000000e-030	1.000000e-030	1.000000e-030	1.000000e-030	1.000000e-030	4.198824e-001	
1.000000e-030	1.000000e-030	1.000000e-030	1.000000e-030	1.000000e-030	1.000000e-030	8.658412e-002	1.000000e-030	1.000000e-030	1.000000e-030	8.658412e-002	1.000000e-030	1.000000e-030	1.000000e-030	1.000000e-030	1.000000e-030	1.000000e-030	1.000000e-030	1.000000e-030	1.000000e-030	1.000000e-030	1.000000e-030	1.000000e-030	8.228416e-001	1.000000e-030	7.114455e-018	1.000000e-030	1.000000e-030	1.000000e-030	1.000000e-030	1.000000e-030	3.990208e-003	
1.000000e-030	1.000000e-030	1.000000e-030	1.000000e-030	1.000000e-030	1.000000e-030	5.761694e-016	1.000000e-030	1.000000e-030	1.000000e-030	1.000000e-030	1.000000e-030	9.667787e-021	1.233769e-002	1.000000e-030	1.060989e-001	1.000000e-030	1.000000e-030	1.000000e-030	1.000000e-030	1.000000e-030	1.027997e-001	1.000000e-030	2.476664e-001	1.000000e-030	1.072364e-001	1.000000e-030	1.000000e-030	1.000000e-030	1.070795e-001	1.000000e-030	3.167815e-001	
1.000000e-030	1.000000e-030	1.000000e-030	1.000000e-030	1.000000e-030	1.000000e-030	1.000000e-030	8.958350e-002	1.000000e-030	1.000000e-030	2.986117e-002	1.493058e-002	1.493058e-002	2.814415e-002	1.000000e-030	3.002610e-002	1.000000e-030	1.000000e-030	1.000000e-030	1.000000e-030	1.000000e-030	6.240809e-004	1.000000e-030	3.587877e-001	1.000000e-030	2.986780e-002	1.791670e-001	4.479175e-002	1.000000e-030	2.988963e-002	1.000000e-030	1.493959e-001	
