8.750000e-001	1.250000e-001	0.000000e+000	0.000000e+000	0.000000e+000	
0.000000e+000	8.888889e-001	1.111111e-001	0.000000e+000	0.000000e+000	
0.000000e+000	0.000000e+000	6.666667e-001	3.333333e-001	0.000000e+000	
0.000000e+000	0.000000e+000	0.000000e+000	9.333333e-001	6.666667e-002	
0.000000e+000	0.000000e+000	0.000000e+000	0.000000e+000	1.000000e+000	
1.000000e-030	1.000000e-030	1.000000e-030	1.000000e-030	1.000000e-030	1.000000e-030	1.000000e-030	1.000000e-030	1.000000e-030	1.000000e-030	1.000000e-030	1.000000e-030	1.000000e-030	1.250000e-001	1.000000e-030	1.000000e-030	1.000000e-030	1.000000e-030	1.000000e-030	1.000000e-030	1.000000e-030	1.000000e-030	1.000000e-030	7.500000e-001	1.000000e-030	1.250000e-001	1.000000e-030	1.000000e-030	1.000000e-030	1.000000e-030	1.000000e-030	1.000000e-030	
1.000000e-030	1.000000e-030	1.000000e-030	1.000000e-030	1.000000e-030	1.000000e-030	1.000000e-030	3.333333e-001	1.000000e-030	1.000000e-030	1.000000e-030	1.111111e-001	1.000000e-030	1.111111e-001	1.000000e-030	1.000000e-030	1.000000e-030	1.000000e-030	1.000000e-030	1.000000e-030	1.000000e-030	1.000000e-030	1.000000e-030	4.254377e-018	1.000000e-030	4.444444e-001	1.000000e-030	1.000000e-030	1.000000e-030	1.000000e-030	1.000000e-030	1.000000e-030	
1.000000e-030	1.000000e-030	1.000000e-030	3.333333e-001	1.000000e-030	1.000000e-030	1.000000e-030	1.000000e-030	1.000000e-030	1.000000e-030	1.000000e-030	1.000000e-030	1.000000e-030	1.000000e-030	1.000000e-030	3.333333e-001	1.000000e-030	1.000000e-030	1.000000e-030	1.000000e-030	1.000000e-030	1.000000e-030	1.000000e-030	3.333333e-001	1.000000e-030	4.278063e-019	1.000000e-030	1.000000e-030	1.000000e-030	1.000000e-030	1.000000e-030	1.000000e-030	
1.000000e-030	1.000000e-030	1.000000e-030	1.000000e-030	1.000000e-030	1.000000e-030	1.000000e-030	1.000000e-030	1.000000e-030	1.000000e-030	1.333333e-001	1.000000e-030	1.000000e-030	1.000000e-030	1.000000e-030	1.000000e-030	1.000000e-030	1.000000e-030	1.000000e-030	1.000000e-030	1.000000e-030	1.000000e-030	1.000000e-030	1.000000e-030	1.000000e-030	1.000000e-030	8.666667e-001	3.021195e-016	1.000000e-030	1.000000e-030	1.000000e-030	1.000000e-030	
1.000000e-030	1.000000e-030	1.000000e-030	1.000000e-030	6.250000e-002	1.000000e-030	1.000000e-030	1.718750e-001	1.000000e-030	1.562500e-002	1.000000e-030	1.406250e-001	1.000000e-030	1.000000e-030	1.000000e-030	7.812500e-002	1.000000e-030	1.000000e-030	1.000000e-030	1.093750e-001	4.687500e-002	1.000000e-030	1.000000e-030	4.687500e-002	1.000000e-030	1.093750e-001	1.000000e-030	9.375000e-002	7.812500e-002	4.687500e-002	1.000000e-030	1.000000e-030	
