7.500017e-001	2.499983e-001	0.000000e+000	0.000000e+000	0.000000e+000	
0.000000e+000	7.559970e-001	2.440030e-001	0.000000e+000	0.000000e+000	
0.000000e+000	0.000000e+000	9.280193e-001	7.198067e-002	0.000000e+000	
0.000000e+000	0.000000e+000	0.000000e+000	9.292423e-001	7.075770e-002	
0.000000e+000	0.000000e+000	0.000000e+000	0.000000e+000	1.000000e+000	
1.000000e-030	1.000000e-030	1.000000e-030	1.000000e-030	1.000000e-030	1.000000e-030	1.000000e-030	2.414274e-026	1.000000e-030	2.499983e-001	1.000000e-030	1.000000e-030	1.000000e-030	1.000000e-030	1.000000e-030	1.000000e-030	1.000000e-030	1.000000e-030	1.000000e-030	1.000000e-030	1.000000e-030	1.000000e-030	1.000000e-030	7.646079e-006	1.000000e-030	1.000000e-030	1.000000e-030	1.000000e-030	7.499941e-001	1.000000e-030	1.000000e-030	1.000000e-030	
1.000000e-030	1.000000e-030	1.000000e-030	1.000000e-030	1.000000e-030	1.000000e-030	1.000000e-030	2.440030e-001	1.000000e-030	1.000000e-030	1.000000e-030	1.000000e-030	1.000000e-030	1.000000e-030	1.000000e-030	1.000000e-030	1.000000e-030	1.000000e-030	1.000000e-030	1.000000e-030	1.000000e-030	1.000000e-030	1.000000e-030	6.763237e-001	1.000000e-030	1.297467e-008	1.000000e-030	1.000000e-030	6.449646e-007	1.000000e-030	1.000000e-030	7.967269e-002	
1.000000e-030	1.000000e-030	1.000000e-030	1.000000e-030	1.000000e-030	1.000000e-030	1.000000e-030	3.356654e-012	1.000000e-030	1.000000e-030	1.000000e-030	1.000000e-030	1.000000e-030	1.000000e-030	1.000000e-030	1.000000e-030	1.000000e-030	1.000000e-030	1.000000e-030	1.000000e-030	1.000000e-030	1.000000e-030	1.000000e-030	7.362316e-001	1.000000e-030	1.439613e-001	1.000000e-030	1.000000e-030	6.240377e-005	1.000000e-030	1.000000e-030	1.197446e-001	
1.000000e-030	1.000000e-030	1.000000e-030	1.000000e-030	1.000000e-030	1.000000e-030	1.000000e-030	1.000000e-030	1.000000e-030	1.000000e-030	2.067323e-001	1.429314e-002	1.000000e-030	1.000000e-030	1.000000e-030	1.000000e-030	1.000000e-030	1.000000e-030	2.830308e-001	1.000000e-030	1.000000e-030	1.000000e-030	1.000000e-030	1.000000e-030	1.000000e-030	3.001356e-015	3.537885e-001	1.498616e-017	1.414541e-001	1.000000e-030	1.000000e-030	7.012088e-004	
1.000000e-030	1.000000e-030	1.000000e-030	1.000000e-030	1.000000e-030	1.000000e-030	1.000000e-030	3.180848e-002	1.000000e-030	1.590424e-002	1.714966e-002	2.859581e-002	1.000000e-030	7.952121e-002	1.000000e-030	3.180848e-002	1.000000e-030	1.000000e-030	1.000000e-030	1.590424e-002	1.000000e-030	1.000000e-030	1.000000e-030	2.226594e-001	1.000000e-030	1.272339e-001	1.000000e-030	6.361697e-002	4.771273e-002	1.749467e-001	1.000000e-030	1.431382e-001	
