7.801430e-001	2.198570e-001	0.000000e+000	0.000000e+000	0.000000e+000	
0.000000e+000	8.151932e-001	1.848068e-001	0.000000e+000	0.000000e+000	
0.000000e+000	0.000000e+000	9.287776e-001	7.122237e-002	0.000000e+000	
0.000000e+000	0.000000e+000	0.000000e+000	9.000010e-001	9.999898e-002	
0.000000e+000	0.000000e+000	0.000000e+000	0.000000e+000	1.000000e+000	
1.000000e-030	1.000000e-030	1.000000e-030	1.000000e-030	1.000000e-030	1.000000e-030	1.000000e-030	4.397140e-001	1.000000e-030	1.000000e-030	3.404314e-001	2.417182e-007	2.198543e-001	1.000000e-030	1.000000e-030	1.000000e-030	1.000000e-030	1.000000e-030	1.000000e-030	1.000000e-030	1.000000e-030	1.000000e-030	1.000000e-030	1.000000e-030	1.000000e-030	1.000000e-030	1.000000e-030	1.000000e-030	1.000000e-030	1.000000e-030	1.000000e-030	1.000000e-030	
1.000000e-030	1.000000e-030	1.000000e-030	1.000000e-030	1.000000e-030	1.000000e-030	1.000000e-030	1.000000e-030	1.000000e-030	1.000000e-030	2.682615e-001	3.696134e-001	2.285419e-006	1.000000e-030	1.000000e-030	1.000000e-030	1.000000e-030	1.000000e-030	1.000000e-030	1.000000e-030	1.000000e-030	1.000000e-030	1.000000e-030	2.641478e-004	1.000000e-030	1.222865e-001	1.000000e-030	1.000000e-030	2.395721e-001	1.000000e-030	1.000000e-030	1.000000e-030	
1.000000e-030	6.907663e-011	1.000000e-030	1.424447e-001	1.000000e-030	1.000000e-030	1.000000e-030	2.136671e-001	1.000000e-030	1.000000e-030	1.000000e-030	1.000000e-030	1.000000e-030	1.000000e-030	1.000000e-030	1.000000e-030	1.000000e-030	1.000000e-030	1.000000e-030	7.122237e-002	2.136671e-001	7.122237e-002	1.000000e-030	7.112057e-002	1.000000e-030	9.531694e-002	1.000000e-030	1.000000e-030	1.213388e-001	1.000000e-030	1.000000e-030	1.000000e-030	
1.000000e-030	9.999898e-002	1.000000e-030	1.000000e-030	1.000000e-030	1.000000e-030	1.000000e-030	8.507520e-012	1.000000e-030	1.000000e-030	1.018476e-005	1.000000e-030	1.999980e-001	1.000000e-030	1.000000e-030	1.000000e-030	1.000000e-030	1.000000e-030	9.999898e-002	1.000000e-030	1.000000e-030	1.000000e-030	1.000000e-030	1.000000e-030	1.000000e-030	1.000000e-030	5.999939e-001	1.000000e-030	1.000000e-030	1.000000e-030	1.000000e-030	1.000000e-030	
1.000000e-030	1.076925e-001	1.000000e-030	4.615392e-002	4.615392e-002	1.000000e-030	1.000000e-030	3.076928e-002	1.000000e-030	3.076928e-002	1.076909e-001	1.076925e-001	9.230784e-002	1.000000e-030	1.000000e-030	1.538464e-002	1.000000e-030	1.000000e-030	1.000000e-030	6.153856e-002	7.692320e-002	1.538464e-002	1.000000e-030	1.000000e-030	1.000000e-030	1.538464e-002	1.000000e-030	9.230784e-002	1.538464e-001	1.000000e-030	1.000000e-030	1.000000e-030	
