6.671160e-001	3.328840e-001	0.000000e+000	0.000000e+000	0.000000e+000	
0.000000e+000	7.956113e-001	2.043887e-001	0.000000e+000	0.000000e+000	
0.000000e+000	0.000000e+000	8.630793e-001	1.369207e-001	0.000000e+000	
0.000000e+000	0.000000e+000	0.000000e+000	9.166052e-001	8.339480e-002	
0.000000e+000	0.000000e+000	0.000000e+000	0.000000e+000	1.000000e+000	
1.000000e-030	1.000000e-030	1.000000e-030	1.000000e-030	3.328840e-001	1.628890e-003	1.000000e-030	1.000000e-030	1.000000e-030	1.000000e-030	1.000000e-030	3.328840e-001	1.000000e-030	1.000000e-030	1.000000e-030	1.000000e-030	1.000000e-030	1.000000e-030	1.000000e-030	1.000000e-030	3.326030e-001	1.000000e-030	1.000000e-030	1.000000e-030	1.000000e-030	1.000000e-030	1.000000e-030	1.000000e-030	3.034630e-012	1.000000e-030	1.000000e-030	1.000000e-030	
1.000000e-030	1.000000e-030	1.000000e-030	3.068292e-001	3.983131e-006	4.886055e-001	1.000000e-030	1.000000e-030	1.000000e-030	1.000000e-030	1.000000e-030	2.800299e-018	1.000000e-030	1.000000e-030	1.000000e-030	1.000000e-030	1.000000e-030	1.000000e-030	1.000000e-030	1.000000e-030	1.725515e-004	1.000000e-030	1.000000e-030	1.000000e-030	1.000000e-030	1.000000e-030	1.000000e-030	1.000000e-030	2.043887e-001	1.000000e-030	1.000000e-030	1.000000e-030	
1.000000e-030	1.000000e-030	1.000000e-030	2.052162e-001	4.381674e-001	2.196944e-001	1.000000e-030	1.000000e-030	1.000000e-030	1.000000e-030	1.000000e-030	1.369207e-001	1.204013e-006	1.000000e-030	1.000000e-030	1.000000e-030	1.000000e-030	1.000000e-030	1.000000e-030	1.000000e-030	1.000000e-030	1.000000e-030	1.000000e-030	1.000000e-030	1.000000e-030	1.000000e-030	1.000000e-030	1.000000e-030	3.823320e-012	1.000000e-030	1.000000e-030	1.000000e-030	
1.000000e-030	1.000000e-030	1.000000e-030	4.294243e-012	3.047239e-001	8.336128e-002	1.000000e-030	1.793846e-007	1.000000e-030	1.000000e-030	1.000000e-030	1.000000e-030	2.501668e-001	1.000000e-030	1.000000e-030	1.000000e-030	1.000000e-030	1.000000e-030	1.000000e-030	1.000000e-030	1.120160e-001	1.000000e-030	1.000000e-030	1.000000e-030	1.000000e-030	1.000000e-030	1.000000e-030	1.000000e-030	2.497318e-001	1.000000e-030	1.000000e-030	1.000000e-030	
1.000000e-030	1.392590e-002	1.000000e-030	8.355538e-002	4.380858e-002	2.785739e-002	1.000000e-030	9.748125e-002	1.000000e-030	8.355538e-002	1.392590e-002	1.392590e-001	9.748408e-002	1.000000e-030	1.000000e-030	1.392590e-002	1.000000e-030	1.392590e-002	4.177769e-002	1.392590e-002	1.066278e-001	1.000000e-030	1.000000e-030	1.000000e-030	1.000000e-030	1.000000e-030	1.392590e-001	5.570359e-002	1.400147e-002	1.000000e-030	1.000000e-030	1.000000e-030	
