7.967761e-001	2.032239e-001	0.000000e+000	0.000000e+000	0.000000e+000	
0.000000e+000	8.583763e-001	1.416237e-001	0.000000e+000	0.000000e+000	
0.000000e+000	0.000000e+000	8.892393e-001	1.107607e-001	0.000000e+000	
0.000000e+000	0.000000e+000	0.000000e+000	9.409800e-001	5.902002e-002	
0.000000e+000	0.000000e+000	0.000000e+000	0.000000e+000	1.000000e+000	
1.000000e-030	1.000000e-030	1.000000e-030	2.367500e-013	1.000000e-030	1.000000e-030	1.000000e-030	5.633438e-001	1.000000e-030	1.000000e-030	1.000000e-030	1.000000e-030	1.000000e-030	1.000000e-030	1.000000e-030	1.000000e-030	1.000000e-030	1.000000e-030	1.000000e-030	1.000000e-030	4.064477e-001	1.000000e-030	1.000000e-030	1.000000e-030	1.000000e-030	1.000000e-030	1.000000e-030	1.000000e-030	3.020844e-002	1.000000e-030	1.000000e-030	1.000000e-030	
1.000000e-030	1.000000e-030	1.000000e-030	1.416237e-001	1.000000e-030	1.390242e-001	1.000000e-030	3.155326e-001	1.000000e-030	1.000000e-030	1.000000e-030	1.416237e-001	1.000000e-030	1.000000e-030	1.000000e-030	1.000000e-030	1.000000e-030	1.000000e-030	1.000000e-030	6.198384e-010	8.433089e-025	1.000000e-030	1.000000e-030	1.000000e-030	1.000000e-030	1.000000e-030	1.000000e-030	1.000000e-030	2.621957e-001	1.000000e-030	1.000000e-030	1.000000e-030	
1.000000e-030	1.000000e-030	1.000000e-030	1.107607e-001	1.000000e-030	2.033032e-003	1.000000e-030	1.000000e-030	1.000000e-030	1.910908e-003	1.000000e-030	2.213788e-001	1.000000e-030	1.000000e-030	1.000000e-030	1.000000e-030	1.000000e-030	1.101128e-001	1.000000e-030	3.322822e-001	1.000000e-030	1.000000e-030	1.000000e-030	1.000000e-030	1.000000e-030	1.107607e-001	1.000000e-030	1.107607e-001	4.620685e-021	1.000000e-030	1.000000e-030	1.000000e-030	
1.000000e-030	5.902002e-002	1.000000e-030	1.000000e-030	1.000000e-030	5.902002e-002	1.000000e-030	1.000000e-030	1.000000e-030	5.800177e-002	1.000000e-030	5.909604e-002	1.000000e-030	1.000000e-030	1.000000e-030	1.000000e-030	1.000000e-030	3.452565e-004	1.770600e-001	5.902002e-002	5.902002e-002	5.902002e-002	1.000000e-030	1.000000e-030	1.000000e-030	1.000000e-030	4.103968e-001	8.300378e-025	1.000000e-030	1.000000e-030	1.000000e-030	1.000000e-030	
1.000000e-030	1.000000e-030	1.000000e-030	1.638096e-002	1.000000e-030	1.000000e-030	1.638096e-002	3.276192e-002	1.000000e-030	1.000000e-030	3.276192e-002	1.310477e-001	1.000000e-030	6.552384e-002	1.000000e-030	1.000000e-030	1.000000e-030	1.638096e-002	1.000000e-030	1.965715e-001	1.000000e-030	3.276192e-002	1.000000e-030	1.000000e-030	1.638096e-002	1.638096e-002	1.714236e-002	3.603811e-001	1.638096e-002	3.276192e-002	1.000000e-030	1.000000e-030	
