7.644015e-001	2.355985e-001	0.000000e+000	0.000000e+000	0.000000e+000	
0.000000e+000	7.760352e-001	2.239648e-001	0.000000e+000	0.000000e+000	
0.000000e+000	0.000000e+000	9.319754e-001	6.802459e-002	0.000000e+000	
0.000000e+000	0.000000e+000	0.000000e+000	9.450042e-001	5.499583e-002	
0.000000e+000	0.000000e+000	0.000000e+000	0.000000e+000	1.000000e+000	
1.000000e-030	1.000000e-030	1.000000e-030	1.000000e-030	1.000000e-030	1.000000e-030	1.000000e-030	4.509141e-001	1.000000e-030	1.000000e-030	1.000000e-030	3.981994e-016	1.000000e-030	1.000000e-030	1.000000e-030	2.845137e-004	1.000000e-030	1.000000e-030	1.000000e-030	8.273951e-002	1.000000e-030	1.000000e-030	1.000000e-030	1.000000e-030	1.000000e-030	4.660619e-001	1.000000e-030	1.000000e-030	1.000000e-030	1.000000e-030	1.000000e-030	1.000000e-030	
1.000000e-030	1.000000e-030	1.000000e-030	1.000000e-030	5.566670e-017	1.000000e-030	1.000000e-030	4.239037e-002	1.000000e-030	1.000000e-030	1.000000e-030	4.479297e-001	1.000000e-030	1.000000e-030	1.000000e-030	2.236944e-001	1.000000e-030	1.000000e-030	1.000000e-030	1.453109e-001	4.282210e-006	1.000000e-030	1.000000e-030	1.000000e-030	1.000000e-030	1.406704e-001	1.000000e-030	1.000000e-030	1.000000e-030	1.000000e-030	1.000000e-030	1.000000e-030	
1.000000e-030	1.000000e-030	1.000000e-030	1.000000e-030	6.802459e-002	1.000000e-030	1.000000e-030	1.970549e-001	1.000000e-030	6.802459e-002	1.000000e-030	3.500449e-011	2.040498e-001	1.000000e-030	1.000000e-030	6.802459e-002	1.000000e-030	1.000000e-030	1.000000e-030	9.018701e-010	1.360425e-001	2.793539e-002	1.000000e-030	1.000000e-030	1.000000e-030	9.480615e-002	1.000000e-030	1.000000e-030	1.360375e-001	1.000000e-030	1.000000e-030	1.000000e-030	
1.000000e-030	1.000000e-030	1.000000e-030	5.499520e-002	1.000000e-030	1.000000e-030	1.000000e-030	2.194742e-001	1.000000e-030	5.499574e-002	1.000000e-030	2.600324e-001	1.935821e-005	5.499583e-002	1.000000e-030	1.000000e-030	1.000000e-030	1.000000e-030	1.000000e-030	1.649251e-001	1.099902e-001	3.241091e-002	1.000000e-030	1.000000e-030	1.000000e-030	4.988690e-006	1.000000e-030	6.704030e-026	4.815605e-002	1.000000e-030	1.000000e-030	1.000000e-030	
1.000000e-030	3.483912e-002	1.000000e-030	1.741976e-002	1.000000e-030	1.000000e-030	1.000000e-030	1.046786e-001	1.000000e-030	5.225870e-002	3.483912e-002	3.957339e-002	1.219369e-001	1.000000e-030	1.000000e-030	3.483912e-002	1.000000e-030	1.000000e-030	6.967823e-002	1.743933e-002	3.484095e-002	1.000000e-030	1.000000e-030	1.741956e-002	1.000000e-030	1.219353e-001	1.393565e-001	1.219369e-001	3.700856e-002	1.000000e-030	1.000000e-030	1.000000e-030	
