6.667603e-001	3.332397e-001	0.000000e+000	0.000000e+000	0.000000e+000	
0.000000e+000	8.264321e-001	1.735679e-001	0.000000e+000	0.000000e+000	
0.000000e+000	0.000000e+000	9.351824e-001	6.481762e-002	0.000000e+000	
0.000000e+000	0.000000e+000	0.000000e+000	8.871201e-001	1.128799e-001	
0.000000e+000	0.000000e+000	0.000000e+000	0.000000e+000	1.000000e+000	
1.000000e-030	1.000000e-030	1.000000e-030	1.000000e-030	1.000000e-030	1.000000e-030	1.000000e-030	1.000000e-030	1.000000e-030	1.000000e-030	1.000000e-030	1.000000e-030	1.000000e-030	1.000000e-030	1.000000e-030	9.997192e-001	1.000000e-030	1.000000e-030	1.000000e-030	1.000000e-030	1.000000e-030	1.000000e-030	1.000000e-030	2.808299e-004	1.000000e-030	1.000000e-030	1.000000e-030	1.000000e-030	1.000000e-030	1.000000e-030	1.000000e-030	1.000000e-030	
1.000000e-030	1.000000e-030	1.000000e-030	1.000000e-030	1.000000e-030	1.000000e-030	1.000000e-030	1.000000e-030	1.000000e-030	1.000000e-030	1.000000e-030	1.000000e-030	1.000000e-030	1.000000e-030	1.000000e-030	9.786181e-011	1.000000e-030	1.000000e-030	1.000000e-030	1.000000e-030	1.000000e-030	1.000000e-030	1.000000e-030	5.116358e-001	1.000000e-030	1.000000e-030	1.000000e-030	4.883639e-001	1.000000e-030	3.194509e-007	1.000000e-030	1.000000e-030	
1.000000e-030	1.000000e-030	1.000000e-030	1.000000e-030	1.000000e-030	1.000000e-030	1.000000e-030	1.000000e-030	1.000000e-030	1.000000e-030	1.000000e-030	1.000000e-030	1.000000e-030	1.944529e-001	1.000000e-030	1.000000e-030	1.000000e-030	1.000000e-030	1.000000e-030	1.000000e-030	1.000000e-030	1.000000e-030	1.848460e-023	3.922375e-001	1.000000e-030	1.000000e-030	1.000000e-030	1.417124e-001	1.000000e-030	1.419620e-001	1.000000e-030	1.296352e-001	
1.000000e-030	1.000000e-030	1.000000e-030	1.000000e-030	1.000000e-030	1.000000e-030	1.000000e-030	8.485138e-018	1.000000e-030	1.000000e-030	1.000000e-030	7.672939e-003	1.000000e-030	1.000000e-030	1.000000e-030	1.000000e-030	1.000000e-030	1.000000e-030	1.000000e-030	1.000000e-030	1.000000e-030	1.000000e-030	1.128799e-001	6.557311e-009	1.000000e-030	1.000000e-030	1.000000e-030	1.000000e-030	1.000000e-030	8.794471e-001	1.000000e-030	1.000000e-030	
1.000000e-030	1.000000e-030	1.000000e-030	1.000000e-030	1.000000e-030	1.000000e-030	1.000000e-030	9.097684e-002	1.000000e-030	1.000000e-030	4.548842e-002	8.994616e-002	1.000000e-030	3.032561e-002	1.000000e-030	1.000000e-030	1.000000e-030	1.000000e-030	6.065123e-002	1.000000e-030	1.000000e-030	1.000000e-030	1.000000e-030	4.093958e-001	1.000000e-030	1.000000e-030	9.097684e-002	1.364653e-001	1.516281e-002	1.544826e-002	1.000000e-030	1.516281e-002	
