8.750000e-001	1.250000e-001	0.000000e+000	0.000000e+000	0.000000e+000	
0.000000e+000	6.592029e-001	3.407971e-001	0.000000e+000	0.000000e+000	
0.000000e+000	0.000000e+000	8.857645e-001	1.142355e-001	0.000000e+000	
0.000000e+000	0.000000e+000	0.000000e+000	9.115972e-001	8.840280e-002	
0.000000e+000	0.000000e+000	0.000000e+000	0.000000e+000	1.000000e+000	
1.000000e-030	1.000000e-030	1.000000e-030	1.000000e-030	1.000000e-030	1.000000e-030	1.000000e-030	1.000000e-030	1.000000e-030	1.000000e-030	1.000000e-030	1.000000e-030	1.000000e-030	1.000000e-030	1.000000e-030	1.000000e+000	1.000000e-030	1.000000e-030	1.000000e-030	1.000000e-030	1.000000e-030	1.000000e-030	1.000000e-030	1.000000e-030	1.000000e-030	1.000000e-030	1.000000e-030	1.000000e-030	1.000000e-030	1.000000e-030	1.000000e-030	2.210829e-021	
1.000000e-030	1.000000e-030	1.000000e-030	1.000000e-030	1.000000e-030	1.000000e-030	1.000000e-030	1.000000e-030	1.000000e-030	1.000000e-030	1.000000e-030	1.000000e-030	1.000000e-030	1.000000e-030	1.000000e-030	7.107980e-012	1.000000e-030	1.000000e-030	1.000000e-030	1.000000e-030	1.000000e-030	1.000000e-030	1.000000e-030	1.223595e-002	1.000000e-030	1.000000e-030	1.000000e-030	1.000000e-030	1.000000e-030	1.000000e-030	1.000000e-030	9.877641e-001	
1.000000e-030	1.000000e-030	1.000000e-030	1.000000e-030	1.000000e-030	1.000000e-030	1.000000e-030	1.220723e-009	1.000000e-030	1.000000e-030	1.000000e-030	1.000000e-030	1.000000e-030	1.000000e-030	1.000000e-030	1.000000e-030	1.000000e-030	1.000000e-030	1.000000e-030	1.000000e-030	1.000000e-030	1.000000e-030	1.000000e-030	4.225141e-001	1.000000e-030	1.000000e-030	1.000000e-030	1.000000e-030	1.000000e-030	1.000000e-030	1.000000e-030	5.774859e-001	
1.000000e-030	8.840280e-002	1.000000e-030	1.000000e-030	1.000000e-030	1.000000e-030	1.000000e-030	1.768056e-001	1.000000e-030	1.000000e-030	1.000000e-030	1.000000e-030	8.840280e-002	1.000000e-030	1.000000e-030	8.840280e-002	1.000000e-030	1.000000e-030	2.652084e-001	1.000000e-030	1.000000e-030	1.000000e-030	1.000000e-030	1.118714e-001	1.000000e-030	1.000000e-030	2.182029e-013	8.840280e-002	1.000000e-030	1.000000e-030	1.000000e-030	9.250334e-002	
1.000000e-030	1.000000e-030	1.000000e-030	1.000000e-030	1.000000e-030	1.000000e-030	1.000000e-030	8.823529e-002	1.000000e-030	1.000000e-030	1.470588e-002	2.941176e-002	1.323529e-001	1.000000e-030	1.000000e-030	1.470588e-002	1.000000e-030	1.000000e-030	4.287491e-025	1.000000e-030	1.000000e-030	1.000000e-030	1.000000e-030	3.088235e-001	1.000000e-030	1.000000e-030	1.911765e-001	8.823529e-002	1.000000e-030	4.411765e-002	1.000000e-030	8.823529e-002	
