7.421918e-001	2.578082e-001	0.000000e+000	0.000000e+000	0.000000e+000	
0.000000e+000	8.715359e-001	1.284641e-001	0.000000e+000	0.000000e+000	
0.000000e+000	0.000000e+000	8.614393e-001	1.385607e-001	0.000000e+000	
0.000000e+000	0.000000e+000	0.000000e+000	9.281054e-001	7.189456e-002	
0.000000e+000	0.000000e+000	0.000000e+000	0.000000e+000	1.000000e+000	
1.000000e-030	1.000000e-030	1.000000e-030	1.000000e-030	1.000000e-030	1.000000e-030	1.000000e-030	6.085045e-012	1.000000e-030	1.000000e-030	1.000000e-030	2.739247e-006	1.000000e-030	1.000000e-030	1.000000e-030	1.000000e-030	1.000000e-030	1.000000e-030	1.000000e-030	1.000000e-030	1.000000e-030	1.000000e-030	1.000000e-030	2.111290e-003	1.000000e-030	1.000000e-030	1.000000e-030	9.978860e-001	1.000000e-030	1.000000e-030	1.000000e-030	1.000000e-030	
1.000000e-030	1.000000e-030	1.000000e-030	1.000000e-030	1.000000e-030	1.000000e-030	1.000000e-030	1.284641e-001	1.000000e-030	1.000000e-030	1.000000e-030	1.284627e-001	1.000000e-030	1.000000e-030	2.890791e-022	1.000000e-030	1.000000e-030	1.000000e-030	1.000000e-030	1.000000e-030	1.000000e-030	1.000000e-030	1.000000e-030	6.412576e-001	1.000000e-030	1.000000e-030	1.000000e-030	1.018018e-001	1.000000e-030	1.376028e-005	1.000000e-030	1.000000e-030	
1.000000e-030	1.000000e-030	1.000000e-030	1.000000e-030	1.000000e-030	1.000000e-030	1.000000e-030	1.000000e-030	1.000000e-030	1.000000e-030	1.000000e-030	1.000000e-030	1.000000e-030	6.128077e-004	1.385607e-001	1.000000e-030	1.000000e-030	1.000000e-030	1.000000e-030	1.000000e-030	1.000000e-030	1.000000e-030	1.000000e-030	1.160699e-005	1.000000e-030	1.000000e-030	1.000000e-030	4.668030e-002	1.000000e-030	8.141346e-001	1.000000e-030	7.977600e-024	
1.000000e-030	1.000000e-030	1.000000e-030	7.189456e-002	1.000000e-030	1.000000e-030	1.000000e-030	1.000000e-030	1.000000e-030	1.000000e-030	6.197980e-016	1.000000e-030	1.000000e-030	2.872603e-001	2.615842e-014	1.000000e-030	1.000000e-030	1.000000e-030	2.156803e-001	1.000000e-030	1.000000e-030	1.000000e-030	1.000000e-030	1.000000e-030	1.000000e-030	1.000000e-030	5.675985e-002	1.000000e-030	7.189456e-002	8.082684e-002	1.000000e-030	2.156837e-001	
1.000000e-030	1.000000e-030	1.000000e-030	1.000000e-030	1.000000e-030	1.000000e-030	1.000000e-030	1.000000e-030	1.000000e-030	1.000000e-030	7.551665e-002	1.000000e-030	1.000000e-030	1.000000e-030	1.000000e-030	1.000000e-030	1.000000e-030	1.000000e-030	7.173594e-007	1.000000e-030	1.000000e-030	1.000000e-030	1.000000e-030	9.061999e-002	1.000000e-030	4.530999e-002	7.869610e-002	4.530999e-002	1.000000e-030	1.000000e-030	1.000000e-030	6.645466e-001	
