8.811706e-001	1.188294e-001	0.000000e+000	0.000000e+000	0.000000e+000	
0.000000e+000	8.654332e-001	1.345668e-001	0.000000e+000	0.000000e+000	
0.000000e+000	0.000000e+000	8.755085e-001	1.244915e-001	0.000000e+000	
0.000000e+000	0.000000e+000	0.000000e+000	9.290921e-001	7.090786e-002	
0.000000e+000	0.000000e+000	0.000000e+000	0.000000e+000	1.000000e+000	
1.000000e-030	1.000000e-030	1.000000e-030	1.000000e-030	1.000000e-030	1.000000e-030	1.000000e-030	1.552877e-001	1.000000e-030	1.000000e-030	1.000000e-030	1.000000e-030	1.000000e-030	1.000000e-030	1.000000e-030	2.660664e-001	1.000000e-030	1.000000e-030	1.000000e-030	1.000000e-030	1.000000e-030	1.000000e-030	1.000000e-030	4.524488e-001	1.000000e-030	1.261971e-001	1.000000e-030	1.000000e-030	1.000000e-030	1.000000e-030	1.000000e-030	1.000000e-030	
1.000000e-030	1.000000e-030	1.000000e-030	1.000000e-030	1.000000e-030	1.000000e-030	1.000000e-030	2.357743e-001	1.000000e-030	1.000000e-030	1.000000e-030	1.000000e-030	1.000000e-030	1.000000e-030	1.000000e-030	4.494473e-001	1.000000e-030	1.000000e-030	1.000000e-030	1.000000e-030	1.000000e-030	1.000000e-030	1.000000e-030	1.998149e-001	1.000000e-030	1.149635e-001	1.000000e-030	1.000000e-030	1.000000e-030	1.000000e-030	1.000000e-030	1.000000e-030	
1.000000e-030	1.000000e-030	1.000000e-030	1.000000e-030	1.000000e-030	1.000000e-030	1.000000e-030	3.034061e-001	1.000000e-030	1.000000e-030	1.000000e-030	1.000000e-030	1.000000e-030	1.862955e-020	1.000000e-030	1.768999e-001	1.000000e-030	1.000000e-030	1.000000e-030	1.000000e-030	1.000000e-030	1.000000e-030	1.000000e-030	3.156965e-001	1.000000e-030	2.039976e-001	1.000000e-030	1.000000e-030	1.000000e-030	1.000000e-030	1.000000e-030	1.000000e-030	
1.000000e-030	1.000000e-030	1.000000e-030	1.000000e-030	1.000000e-030	1.000000e-030	1.000000e-030	1.664204e-001	1.000000e-030	1.000000e-030	1.000000e-030	1.000000e-030	1.000000e-030	7.090786e-002	1.000000e-030	1.857259e-008	1.000000e-030	1.000000e-030	1.000000e-030	1.000000e-030	1.000000e-030	1.000000e-030	1.000000e-030	6.355732e-001	1.000000e-030	1.027213e-001	1.000000e-030	1.000000e-030	3.032444e-009	2.437734e-002	1.000000e-030	1.000000e-030	
1.000000e-030	1.000000e-030	1.000000e-030	3.277730e-002	1.000000e-030	1.000000e-030	1.000000e-030	1.828471e-001	1.000000e-030	1.000000e-030	6.555461e-002	6.555461e-002	1.638865e-002	1.000000e-030	1.000000e-030	1.638865e-002	1.000000e-030	1.000000e-030	1.000000e-030	1.638865e-002	1.000000e-030	1.000000e-030	1.000000e-030	5.258003e-002	1.000000e-030	1.966043e-001	1.474979e-001	1.147206e-001	3.277730e-002	4.353172e-002	1.000000e-030	1.638865e-002	
