7.500000e-001	2.500000e-001	0.000000e+000	0.000000e+000	0.000000e+000	
0.000000e+000	8.750000e-001	1.250000e-001	0.000000e+000	0.000000e+000	
0.000000e+000	0.000000e+000	8.571429e-001	1.428571e-001	0.000000e+000	
0.000000e+000	0.000000e+000	0.000000e+000	9.285714e-001	7.142857e-002	
0.000000e+000	0.000000e+000	0.000000e+000	0.000000e+000	1.000000e+000	
1.000000e-030	1.000000e-030	1.000000e-030	1.000000e-030	1.000000e-030	1.000000e-030	1.000000e-030	1.000000e-030	1.000000e-030	1.000000e-030	1.000000e-030	1.000000e-030	1.000000e-030	1.000000e-030	1.000000e-030	1.000000e-030	1.000000e-030	1.000000e-030	1.000000e-030	1.000000e-030	1.000000e-030	1.000000e-030	1.000000e-030	7.500000e-001	1.000000e-030	1.000000e-030	1.000000e-030	1.000000e-030	1.000000e-030	1.000000e-030	1.000000e-030	2.500000e-001	
1.000000e-030	1.000000e-030	1.000000e-030	1.000000e-030	1.000000e-030	1.000000e-030	1.000000e-030	1.000000e-030	1.000000e-030	1.000000e-030	1.000000e-030	1.000000e-030	1.000000e-030	3.750000e-001	1.000000e-030	1.000000e-030	1.000000e-030	1.250000e-001	1.000000e-030	1.000000e-030	1.000000e-030	1.250000e-001	1.000000e-030	1.000000e-030	1.000000e-030	3.750000e-001	1.000000e-030	1.000000e-030	1.000000e-030	1.675544e-015	1.000000e-030	1.000000e-030	
1.000000e-030	1.000000e-030	1.000000e-030	1.000000e-030	1.000000e-030	1.000000e-030	1.000000e-030	1.000000e-030	1.000000e-030	1.000000e-030	1.428571e-001	1.000000e-030	1.000000e-030	1.000000e-030	1.000000e-030	1.428571e-001	1.000000e-030	1.000000e-030	4.285714e-001	1.000000e-030	1.000000e-030	1.000000e-030	1.000000e-030	1.000000e-030	1.000000e-030	1.000000e-030	1.000000e-030	1.000000e-030	1.000000e-030	1.428571e-001	1.000000e-030	1.428571e-001	
1.000000e-030	1.000000e-030	1.000000e-030	1.000000e-030	1.000000e-030	1.000000e-030	1.000000e-030	1.000000e-030	1.000000e-030	1.000000e-030	2.857143e-001	7.142857e-002	1.000000e-030	1.000000e-030	1.000000e-030	1.000000e-030	1.000000e-030	1.000000e-030	1.000000e-030	1.000000e-030	1.000000e-030	1.000000e-030	1.000000e-030	1.000000e-030	1.000000e-030	1.000000e-030	4.285714e-001	2.142857e-001	1.000000e-030	1.000000e-030	1.000000e-030	1.000000e-030	
1.000000e-030	1.000000e-030	1.000000e-030	1.000000e-030	1.000000e-030	1.000000e-030	1.000000e-030	4.545455e-002	1.000000e-030	1.000000e-030	1.000000e-030	1.000000e-030	1.515152e-002	7.575758e-002	1.000000e-030	2.121212e-001	1.000000e-030	1.000000e-030	1.000000e-030	1.000000e-030	1.000000e-030	1.000000e-030	1.000000e-030	3.939394e-001	1.000000e-030	4.545455e-002	1.000000e-030	1.000000e-030	1.000000e-030	3.030303e-002	1.000000e-030	1.818182e-001	
