7.949042e-001	2.050958e-001	0.000000e+000	0.000000e+000	0.000000e+000	
0.000000e+000	8.694543e-001	1.305457e-001	0.000000e+000	0.000000e+000	
0.000000e+000	0.000000e+000	8.914613e-001	1.085387e-001	0.000000e+000	
0.000000e+000	0.000000e+000	0.000000e+000	9.332079e-001	6.679206e-002	
0.000000e+000	0.000000e+000	0.000000e+000	0.000000e+000	1.000000e+000	
1.000000e-030	1.000000e-030	1.000000e-030	1.000000e-030	1.000000e-030	1.000000e-030	1.000000e-030	1.000000e-030	1.000000e-030	1.000000e-030	1.000000e-030	1.000000e-030	1.000000e-030	1.000000e-030	1.000000e-030	2.357200e-005	1.000000e-030	1.000000e-030	1.000000e-030	1.000000e-030	1.000000e-030	1.000000e-030	1.000000e-030	5.893552e-001	1.000000e-030	1.514632e-002	1.000000e-030	1.000000e-030	1.000000e-030	1.000000e-030	1.000000e-030	3.954749e-001	
1.000000e-030	8.939535e-017	1.000000e-030	1.000000e-030	1.000000e-030	1.000000e-030	1.000000e-030	1.000000e-030	1.000000e-030	1.000000e-030	1.000000e-030	1.000000e-030	1.000000e-030	1.000000e-030	1.000000e-030	5.404051e-001	1.000000e-030	1.000000e-030	1.000000e-030	1.000000e-030	1.000000e-030	1.000000e-030	1.000000e-030	3.952753e-002	1.000000e-030	2.513908e-001	1.000000e-030	1.000000e-030	1.000000e-030	1.000000e-030	1.000000e-030	1.686766e-001	
1.000000e-030	8.091898e-002	1.000000e-030	1.000000e-030	1.000000e-030	1.000000e-030	1.000000e-030	1.000000e-030	1.000000e-030	1.000000e-030	1.000000e-030	1.000000e-030	1.000000e-030	1.000000e-030	1.000000e-030	5.275306e-001	1.000000e-030	1.000000e-030	4.363814e-004	1.000000e-030	1.000000e-030	1.000000e-030	1.000000e-030	1.979016e-001	1.000000e-030	4.968919e-005	1.994373e-025	1.000000e-030	1.000000e-030	1.000000e-030	1.000000e-030	1.931628e-001	
1.000000e-030	1.699651e-002	1.000000e-030	1.000000e-030	1.000000e-030	1.000000e-030	1.000000e-030	1.000000e-030	1.000000e-030	1.000000e-030	4.816151e-002	1.000000e-030	1.000000e-030	1.000000e-030	1.000000e-030	1.329330e-013	1.000000e-030	1.000000e-030	2.001076e-001	1.000000e-030	1.000000e-030	1.000000e-030	1.000000e-030	2.171980e-005	1.335841e-001	1.000000e-030	6.011285e-001	5.311004e-012	1.000000e-030	1.000000e-030	1.000000e-030	1.000000e-030	
1.000000e-030	1.000000e-030	1.000000e-030	1.000000e-030	1.000000e-030	1.000000e-030	1.000000e-030	4.817038e-002	1.000000e-030	1.000000e-030	5.264916e-002	1.000000e-030	1.000000e-030	8.028397e-002	1.000000e-030	8.028397e-002	1.000000e-030	1.000000e-030	1.000000e-030	1.000000e-030	1.000000e-030	1.000000e-030	1.000000e-030	4.335334e-001	1.000000e-030	4.817038e-002	8.835613e-009	1.605679e-002	1.000000e-030	9.634076e-002	1.000000e-030	1.445111e-001	
