7.851653e-001	2.148347e-001	0.000000e+000	0.000000e+000	0.000000e+000	
0.000000e+000	8.106893e-001	1.893107e-001	0.000000e+000	0.000000e+000	
0.000000e+000	0.000000e+000	8.755284e-001	1.244716e-001	0.000000e+000	
0.000000e+000	0.000000e+000	0.000000e+000	9.376130e-001	6.238703e-002	
0.000000e+000	0.000000e+000	0.000000e+000	0.000000e+000	1.000000e+000	
1.000000e-030	1.000000e-030	1.000000e-030	1.406611e-001	2.148347e-001	1.123796e-010	1.000000e-030	1.000000e-030	1.000000e-030	1.000000e-030	1.000000e-030	1.000000e-030	1.000000e-030	1.000000e-030	1.000000e-030	1.000000e-030	1.000000e-030	1.000000e-030	1.000000e-030	4.296695e-001	2.148347e-001	1.000000e-030	1.000000e-030	1.000000e-030	1.000000e-030	1.000000e-030	1.000000e-030	1.000000e-030	1.000000e-030	1.000000e-030	1.000000e-030	1.000000e-030	
1.000000e-030	1.000000e-030	1.000000e-030	6.536125e-002	7.427921e-011	7.572428e-001	1.000000e-030	1.000000e-030	1.000000e-030	1.000000e-030	1.000000e-030	1.000000e-030	1.000000e-030	1.000000e-030	1.000000e-030	1.000000e-030	1.000000e-030	1.000000e-030	1.000000e-030	4.657811e-009	1.000000e-030	1.000000e-030	1.000000e-030	1.000000e-030	1.000000e-030	1.000000e-030	1.000000e-030	1.000000e-030	1.773960e-001	1.000000e-030	1.000000e-030	1.000000e-030	
1.000000e-030	1.244716e-001	1.000000e-030	1.000000e-030	8.380081e-001	2.333040e-016	1.000000e-030	1.000000e-030	1.000000e-030	1.000000e-030	1.000000e-030	1.175331e-012	2.968634e-002	1.000000e-030	1.000000e-030	1.000000e-030	1.000000e-030	1.000000e-030	1.000000e-030	1.000000e-030	1.000000e-030	1.000000e-030	1.000000e-030	1.000000e-030	1.000000e-030	1.000000e-030	1.000000e-030	1.000000e-030	7.833910e-003	1.000000e-030	1.000000e-030	1.000000e-030	
1.000000e-030	1.000000e-030	1.000000e-030	1.871611e-001	2.038482e-001	1.000000e-030	1.000000e-030	1.000000e-030	1.000000e-030	6.238703e-002	1.000000e-030	1.247739e-001	4.750780e-002	1.000000e-030	1.000000e-030	1.000000e-030	1.000000e-030	1.000000e-030	1.871608e-001	1.000000e-030	1.247741e-001	1.000000e-030	1.000000e-030	1.000000e-030	1.000000e-030	1.000000e-030	2.497221e-011	1.000000e-030	6.238703e-002	1.000000e-030	1.000000e-030	1.000000e-030	
1.000000e-030	1.538461e-002	1.000000e-030	4.615384e-002	2.461538e-001	1.538461e-002	1.000000e-030	1.538461e-002	1.000000e-030	9.230768e-002	3.076923e-002	1.076923e-001	4.615384e-002	1.000000e-030	1.000000e-030	1.000000e-030	1.538461e-002	1.538461e-002	6.139517e-008	9.230768e-002	7.692307e-002	1.000000e-030	1.000000e-030	1.000000e-030	1.000000e-030	1.538461e-002	1.230769e-001	1.538461e-002	3.076923e-002	1.000000e-030	1.000000e-030	1.000000e-030	
