7.500000e-001	2.500000e-001	0.000000e+000	0.000000e+000	0.000000e+000	
0.000000e+000	6.666667e-001	3.333333e-001	0.000000e+000	0.000000e+000	
0.000000e+000	0.000000e+000	9.049678e-001	9.503220e-002	0.000000e+000	
0.000000e+000	0.000000e+000	0.000000e+000	9.309261e-001	6.907389e-002	
0.000000e+000	0.000000e+000	0.000000e+000	0.000000e+000	1.000000e+000	
1.000000e-030	5.000000e-001	1.000000e-030	1.000000e-030	1.000000e-030	2.500000e-001	1.000000e-030	1.000000e-030	1.000000e-030	1.000000e-030	1.000000e-030	1.000000e-030	2.500000e-001	1.000000e-030	1.000000e-030	1.000000e-030	1.000000e-030	1.000000e-030	1.000000e-030	1.000000e-030	1.000000e-030	1.879097e-015	1.000000e-030	1.000000e-030	1.000000e-030	1.000000e-030	1.000000e-030	1.000000e-030	1.000000e-030	1.000000e-030	1.000000e-030	1.000000e-030	
1.000000e-030	1.000000e-030	1.000000e-030	6.666667e-001	1.000000e-030	1.000000e-030	1.000000e-030	1.000000e-030	1.000000e-030	1.000000e-030	1.000000e-030	1.000000e-030	1.000000e-030	1.000000e-030	1.000000e-030	1.000000e-030	1.000000e-030	1.000000e-030	1.000000e-030	1.000000e-030	1.000000e-030	3.333333e-001	1.000000e-030	1.000000e-030	1.000000e-030	1.000000e-030	1.000000e-030	1.000000e-030	1.000000e-030	1.000000e-030	1.000000e-030	1.000000e-030	
1.000000e-030	1.900644e-001	1.000000e-030	1.000000e-030	1.000000e-030	3.801288e-001	1.000000e-030	1.000000e-030	1.000000e-030	1.900644e-001	1.000000e-030	1.000000e-030	1.000000e-030	1.000000e-030	1.000000e-030	1.000000e-030	1.000000e-030	9.503220e-002	1.000000e-030	1.000000e-030	1.447102e-001	1.000000e-030	1.000000e-030	1.000000e-030	1.000000e-030	1.000000e-030	1.000000e-030	1.000000e-030	1.000000e-030	1.000000e-030	1.000000e-030	1.000000e-030	
1.000000e-030	1.381478e-001	1.000000e-030	1.000000e-030	1.000000e-030	1.000000e-030	1.000000e-030	1.000000e-030	1.000000e-030	2.072217e-001	1.000000e-030	1.000000e-030	2.072217e-001	1.000000e-030	1.000000e-030	1.000000e-030	1.000000e-030	1.000000e-030	1.000000e-030	6.907389e-002	3.092611e-001	1.000000e-030	1.000000e-030	1.000000e-030	1.000000e-030	1.000000e-030	1.000000e-030	1.000000e-030	6.907389e-002	1.000000e-030	1.000000e-030	1.000000e-030	
1.492537e-002	5.970149e-002	1.044776e-001	1.492537e-001	1.492537e-002	1.343284e-001	1.044776e-001	1.492537e-002	1.492537e-002	5.970149e-002	1.000000e-030	1.492537e-002	4.477612e-002	1.492537e-002	1.000000e-030	1.000000e-030	1.492537e-002	8.955224e-002	1.000000e-030	1.000000e-030	4.477612e-002	8.955224e-002	1.000000e-030	1.000000e-030	1.000000e-030	1.000000e-030	1.000000e-030	1.000000e-030	1.492537e-002	1.000000e-030	1.000000e-030	1.000000e-030	
