8.230508e-001	1.769492e-001	0.000000e+000	0.000000e+000	0.000000e+000	
0.000000e+000	8.736342e-001	1.263658e-001	0.000000e+000	0.000000e+000	
0.000000e+000	0.000000e+000	8.681464e-001	1.318536e-001	0.000000e+000	
0.000000e+000	0.000000e+000	0.000000e+000	8.819017e-001	1.180983e-001	
0.000000e+000	0.000000e+000	0.000000e+000	0.000000e+000	1.000000e+000	
1.000000e-030	1.000000e-030	1.000000e-030	1.000000e-030	1.000000e-030	1.000000e-030	1.000000e-030	2.347591e-001	1.000000e-030	1.000000e-030	1.000000e-030	1.000000e-030	1.000000e-030	1.721362e-001	1.000000e-030	3.470420e-001	1.000000e-030	1.000000e-030	1.000000e-030	1.000000e-030	1.000000e-030	1.000000e-030	1.000000e-030	1.643036e-005	1.000000e-030	1.000000e-030	1.000000e-030	1.000000e-030	1.000000e-030	1.621304e-001	1.000000e-030	8.391586e-002	
1.000000e-030	1.000000e-030	1.000000e-030	1.000000e-030	1.000000e-030	1.000000e-030	1.000000e-030	9.144580e-002	1.000000e-030	1.000000e-030	1.000000e-030	1.000000e-030	1.000000e-030	5.085828e-001	1.000000e-030	5.672257e-002	1.000000e-030	1.000000e-030	1.000000e-030	1.000000e-030	1.000000e-030	1.000000e-030	1.000000e-030	1.398619e-001	1.000000e-030	1.000000e-030	1.000000e-030	1.000000e-030	1.000000e-030	1.058260e-002	1.000000e-030	1.928043e-001	
1.000000e-030	1.000000e-030	1.000000e-030	1.000000e-030	1.000000e-030	1.000000e-030	1.000000e-030	2.570667e-001	1.000000e-030	1.000000e-030	1.000000e-030	1.000000e-030	1.000000e-030	3.506888e-004	1.000000e-030	9.750404e-002	1.000000e-030	1.000000e-030	1.000000e-030	1.000000e-030	1.000000e-030	1.000000e-030	1.000000e-030	6.450786e-001	1.000000e-030	1.000000e-030	1.000000e-030	1.000000e-030	1.000000e-030	1.000000e-030	1.000000e-030	2.043811e-022	
1.000000e-030	1.000000e-030	1.000000e-030	1.000000e-030	1.000000e-030	1.000000e-030	1.000000e-030	1.420653e-002	1.000000e-030	1.000000e-030	1.000000e-030	1.000000e-030	1.000000e-030	2.356290e-001	1.000000e-030	7.500348e-001	1.000000e-030	3.817034e-018	1.000000e-030	1.000000e-030	1.000000e-030	1.000000e-030	1.000000e-030	8.501029e-005	1.000000e-030	1.000000e-030	1.000000e-030	1.000000e-030	1.000000e-030	1.000000e-030	1.000000e-030	4.463292e-005	
7.206330e-002	1.000000e-030	2.882532e-002	1.000000e-030	1.000000e-030	1.000000e-030	8.647597e-002	7.032955e-002	1.441266e-002	1.000000e-030	1.000000e-030	1.000000e-030	1.441266e-002	1.153685e-001	1.000000e-030	2.378010e-001	1.441266e-002	1.008886e-001	1.000000e-030	1.000000e-030	1.000000e-030	1.441266e-002	1.000000e-030	7.206330e-002	1.000000e-030	4.323798e-002	1.000000e-030	1.441266e-002	1.000000e-030	5.765064e-002	1.000000e-030	4.323254e-002	
