6.902532e-001	3.097468e-001	0.000000e+000	0.000000e+000	0.000000e+000	
0.000000e+000	8.393089e-001	1.606911e-001	0.000000e+000	0.000000e+000	
0.000000e+000	0.000000e+000	8.472918e-001	1.527082e-001	0.000000e+000	
0.000000e+000	0.000000e+000	0.000000e+000	9.209426e-001	7.905743e-002	
0.000000e+000	0.000000e+000	0.000000e+000	0.000000e+000	1.000000e+000	
1.000000e-030	1.000000e-030	1.000000e-030	3.097468e-001	1.000000e-030	1.000000e-030	1.000000e-030	1.000000e-030	1.000000e-030	7.075954e-002	1.000000e-030	1.000000e-030	3.097468e-001	1.000000e-030	1.000000e-030	1.000000e-030	1.000000e-030	1.000000e-030	1.000000e-030	1.000000e-030	3.097468e-001	1.000000e-030	1.000000e-030	1.000000e-030	1.000000e-030	1.000000e-030	1.000000e-030	1.000000e-030	1.000000e-030	1.000000e-030	1.000000e-030	1.000000e-030	
1.000000e-030	1.000000e-030	1.606911e-001	1.000000e-030	1.000000e-030	1.000000e-030	1.000000e-030	1.000000e-030	1.000000e-030	1.965447e-001	1.000000e-030	1.000000e-030	1.000000e-030	1.000000e-030	1.000000e-030	1.000000e-030	1.000000e-030	1.000000e-030	1.000000e-030	1.000000e-030	1.000000e-030	1.606911e-001	1.000000e-030	1.000000e-030	1.000000e-030	1.000000e-030	1.000000e-030	1.000000e-030	4.820732e-001	1.000000e-030	1.000000e-030	1.000000e-030	
1.000000e-030	4.581247e-001	1.000000e-030	1.357599e-015	1.000000e-030	1.000000e-030	1.000000e-030	1.000000e-030	1.000000e-030	2.364588e-001	1.000000e-030	1.000000e-030	1.000000e-030	1.000000e-030	1.000000e-030	1.000000e-030	1.000000e-030	1.000000e-030	1.000000e-030	1.000000e-030	1.527082e-001	1.000000e-030	1.000000e-030	1.000000e-030	1.000000e-030	1.000000e-030	1.000000e-030	1.000000e-030	1.527082e-001	1.000000e-030	1.000000e-030	1.000000e-030	
1.000000e-030	1.000000e-030	1.000000e-030	1.580911e-001	7.893897e-002	1.000000e-030	1.000000e-030	1.000000e-030	1.000000e-030	2.966551e-001	1.000000e-030	1.000000e-030	1.527380e-001	1.000000e-030	1.000000e-030	1.000000e-030	1.000000e-030	1.000000e-030	1.000000e-030	1.000000e-030	1.554624e-001	1.581143e-001	1.000000e-030	1.000000e-030	1.000000e-030	1.000000e-030	1.000000e-030	1.000000e-030	1.000000e-030	1.000000e-030	1.000000e-030	1.000000e-030	
1.137156e-001	1.137156e-001	1.421445e-002	7.107649e-002	4.266464e-002	1.137156e-001	9.950112e-002	1.000000e-030	1.000000e-030	6.037728e-002	1.000000e-030	2.842889e-002	2.939564e-002	1.000000e-030	1.421445e-002	1.421445e-002	1.000000e-030	1.279300e-001	1.000000e-030	2.842889e-002	9.997803e-002	1.421454e-002	1.000000e-030	1.000000e-030	1.000000e-030	1.000000e-030	1.000000e-030	1.000000e-030	1.421445e-002	1.000000e-030	1.000000e-030	1.000000e-030	
