7.062653e-001	2.937347e-001	0.000000e+000	0.000000e+000	0.000000e+000	
0.000000e+000	8.922293e-001	1.077707e-001	0.000000e+000	0.000000e+000	
0.000000e+000	0.000000e+000	6.146328e-001	3.853672e-001	0.000000e+000	
0.000000e+000	0.000000e+000	0.000000e+000	9.517414e-001	4.825865e-002	
0.000000e+000	0.000000e+000	0.000000e+000	0.000000e+000	1.000000e+000	
1.000000e-030	1.000000e-030	1.000000e-030	2.937347e-001	2.937347e-001	7.557626e-002	1.000000e-030	1.000000e-030	1.000000e-030	1.000000e-030	1.000000e-030	1.000000e-030	1.000000e-030	1.000000e-030	1.000000e-030	1.000000e-030	1.000000e-030	1.000000e-030	1.000000e-030	1.000000e-030	1.000000e-030	3.369544e-001	1.000000e-030	1.000000e-030	1.000000e-030	1.000000e-030	1.000000e-030	1.000000e-030	1.000000e-030	1.000000e-030	1.000000e-030	1.000000e-030	
1.000000e-030	1.000000e-030	1.000000e-030	1.000000e-030	1.000000e-030	4.033538e-001	1.000000e-030	1.000000e-030	1.000000e-030	1.077707e-001	1.000000e-030	1.000000e-030	1.000000e-030	1.000000e-030	1.000000e-030	1.077707e-001	1.000000e-030	1.000000e-030	1.000000e-030	1.000000e-030	1.814208e-001	1.996841e-001	1.000000e-030	1.000000e-030	1.000000e-030	1.000000e-030	1.000000e-030	1.000000e-030	1.000000e-030	1.000000e-030	1.000000e-030	1.000000e-030	
1.000000e-030	1.000000e-030	1.000000e-030	3.853672e-001	1.000000e-030	1.000000e-030	1.000000e-030	1.000000e-030	1.000000e-030	1.000000e-030	1.000000e-030	1.000000e-030	1.072571e-001	1.000000e-030	1.000000e-030	1.554930e-017	1.000000e-030	1.000000e-030	1.000000e-030	3.853672e-001	1.220084e-001	1.000000e-030	1.000000e-030	1.000000e-030	1.000000e-030	1.000000e-030	1.000000e-030	1.000000e-030	1.000000e-030	1.000000e-030	1.000000e-030	1.000000e-030	
1.000000e-030	1.000000e-030	1.000000e-030	9.651729e-002	2.412932e-001	1.930346e-001	1.000000e-030	1.000000e-030	1.000000e-030	4.825865e-002	1.000000e-030	1.000000e-030	1.796030e-001	1.000000e-030	1.000000e-030	1.000000e-030	1.000000e-030	1.447759e-001	1.000000e-030	1.000000e-030	4.825865e-002	4.825865e-002	1.000000e-030	1.000000e-030	1.000000e-030	1.000000e-030	1.000000e-030	1.000000e-030	1.000000e-030	1.000000e-030	1.000000e-030	1.000000e-030	
3.174603e-002	1.111111e-001	1.587302e-002	4.761905e-002	2.222222e-001	1.746032e-001	4.761905e-002	3.174603e-002	1.587302e-002	3.174603e-002	1.000000e-030	1.000000e-030	1.587302e-002	1.000000e-030	1.000000e-030	1.000000e-030	1.111111e-001	1.000000e-030	1.000000e-030	4.761905e-002	1.000000e-030	1.587302e-002	1.000000e-030	1.587302e-002	1.000000e-030	3.174603e-002	1.000000e-030	3.174603e-002	1.000000e-030	1.000000e-030	1.000000e-030	1.000000e-030	
