8.967285e-001	1.032715e-001	0.000000e+000	0.000000e+000	0.000000e+000	
0.000000e+000	6.478131e-001	3.521869e-001	0.000000e+000	0.000000e+000	
0.000000e+000	0.000000e+000	9.198550e-001	8.014502e-002	0.000000e+000	
0.000000e+000	0.000000e+000	0.000000e+000	8.750000e-001	1.250000e-001	
0.000000e+000	0.000000e+000	0.000000e+000	0.000000e+000	1.000000e+000	
1.000000e-030	1.000000e-030	1.000000e-030	1.032715e-001	1.000000e-030	1.000000e-030	1.000000e-030	1.000000e-030	1.000000e-030	1.032715e-001	1.000000e-030	1.000000e-030	1.000000e-030	4.130859e-001	1.000000e-030	1.032715e-001	1.000000e-030	1.000000e-030	1.000000e-030	1.000000e-030	1.000000e-030	1.738283e-001	1.000000e-030	1.000000e-030	1.000000e-030	1.032715e-001	1.000000e-030	1.000000e-030	1.000000e-030	1.000000e-030	1.000000e-030	1.000000e-030	
1.000000e-030	1.000000e-030	1.000000e-030	1.000000e-030	1.000000e-030	1.000000e-030	1.000000e-030	1.840593e-001	1.000000e-030	3.521869e-001	1.000000e-030	3.521869e-001	1.000000e-030	1.000000e-030	1.000000e-030	3.129915e-010	1.000000e-030	1.000000e-030	1.000000e-030	1.000000e-030	1.000000e-030	1.115669e-001	1.000000e-030	1.000000e-030	1.000000e-030	1.000000e-030	1.000000e-030	1.000000e-030	1.000000e-030	1.000000e-030	1.000000e-030	1.000000e-030	
1.000000e-030	1.000000e-030	1.000000e-030	1.000000e-030	1.000000e-030	1.000000e-030	1.000000e-030	1.184048e-001	1.000000e-030	1.000000e-030	1.000000e-030	1.000000e-030	1.000000e-030	1.602900e-001	1.000000e-030	1.602900e-001	1.000000e-030	1.000000e-030	1.000000e-030	1.602900e-001	1.000000e-030	4.007251e-001	1.000000e-030	1.000000e-030	1.000000e-030	2.615792e-018	1.000000e-030	1.000000e-030	1.000000e-030	1.000000e-030	1.000000e-030	1.000000e-030	
1.804234e-008	1.000000e-030	1.000000e-030	1.000000e-030	1.000000e-030	1.000000e-030	1.000000e-030	1.000000e-030	1.000000e-030	1.000000e-030	1.000000e-030	1.000000e-030	1.250000e-001	1.695348e-010	1.000000e-030	1.000000e-030	1.250000e-001	6.250000e-001	1.000000e-030	1.000000e-030	1.000000e-030	1.000000e-030	1.000000e-030	1.000000e-030	1.000000e-030	1.250000e-001	1.000000e-030	1.000000e-030	1.000000e-030	1.000000e-030	1.000000e-030	1.000000e-030	
1.060606e-001	1.515152e-002	1.000000e-030	1.515152e-002	1.000000e-030	1.515152e-002	6.060606e-002	1.515152e-001	1.000000e-030	7.575758e-002	1.000000e-030	3.030303e-002	7.575758e-002	9.090909e-002	1.000000e-030	1.666667e-001	1.000000e-030	1.000000e-030	1.000000e-030	3.030303e-002	1.000000e-030	4.545455e-002	1.515152e-002	1.515152e-002	1.000000e-030	1.000000e-030	1.000000e-030	1.000000e-030	9.090909e-002	1.000000e-030	1.000000e-030	1.000000e-030	
