8.543476e-001	1.456524e-001	0.000000e+000	0.000000e+000	0.000000e+000	
0.000000e+000	7.572457e-001	2.427543e-001	0.000000e+000	0.000000e+000	
0.000000e+000	0.000000e+000	8.958523e-001	1.041477e-001	0.000000e+000	
0.000000e+000	0.000000e+000	0.000000e+000	9.253396e-001	7.466045e-002	
0.000000e+000	0.000000e+000	0.000000e+000	0.000000e+000	1.000000e+000	
1.000000e-030	1.000000e-030	1.000000e-030	1.000000e-030	1.000000e-030	1.000000e-030	1.000000e-030	2.913105e-001	1.000000e-030	1.456524e-001	1.000000e-030	1.000000e-030	1.456524e-001	1.000000e-030	1.000000e-030	1.000000e-030	1.000000e-030	1.000000e-030	1.000000e-030	2.720101e-001	9.841543e-006	1.453647e-001	1.000000e-030	1.000000e-030	1.000000e-030	1.000000e-030	1.000000e-030	1.000000e-030	1.000000e-030	1.000000e-030	1.000000e-030	1.000000e-030	
1.000000e-030	1.000000e-030	1.000000e-030	1.000000e-030	2.390763e-001	2.499200e-029	1.000000e-030	2.427448e-001	1.000000e-030	4.906506e-005	1.000000e-030	1.000000e-030	6.519794e-008	1.000000e-030	1.000000e-030	1.000000e-030	1.000000e-030	1.000000e-030	1.000000e-030	3.215797e-002	4.854922e-001	4.796079e-004	1.000000e-030	1.000000e-030	1.000000e-030	1.000000e-030	1.000000e-030	1.000000e-030	1.000000e-030	1.000000e-030	1.000000e-030	1.000000e-030	
1.000000e-030	1.000000e-030	1.000000e-030	1.000000e-030	1.577944e-003	1.041477e-001	1.000000e-030	1.041477e-001	1.000000e-030	2.695487e-001	1.000000e-030	1.000000e-030	1.000000e-030	2.082955e-001	1.000000e-030	2.082955e-001	1.000000e-030	1.000000e-030	1.000000e-030	1.000000e-030	6.607855e-014	1.000000e-030	1.000000e-030	1.000000e-030	1.000000e-030	1.039869e-001	1.000000e-030	1.000000e-030	1.486605e-008	1.000000e-030	1.000000e-030	1.000000e-030	
1.000000e-030	1.000000e-030	1.000000e-030	1.000000e-030	1.000000e-030	1.000000e-030	1.000000e-030	1.000000e-030	8.747685e-003	1.800556e-001	1.000000e-030	1.000000e-030	1.000000e-030	1.000000e-030	1.000000e-030	1.504042e-013	1.000000e-030	5.124397e-001	1.000000e-030	1.000000e-030	1.000000e-030	2.239813e-001	1.000000e-030	1.000000e-030	1.000000e-030	1.153144e-004	1.000000e-030	1.000000e-030	7.466044e-002	1.000000e-030	1.000000e-030	1.000000e-030	
6.152026e-002	1.000000e-030	1.000000e-030	1.538006e-002	1.000000e-030	3.076013e-002	4.614019e-002	9.228039e-002	1.357804e-002	1.230405e-001	1.000000e-030	1.538006e-002	3.076013e-002	9.228039e-002	3.076013e-002	6.152026e-002	6.152026e-002	6.361805e-002	1.000000e-030	1.538006e-002	6.152026e-002	6.152026e-002	1.000000e-030	1.538006e-002	1.000000e-030	3.076013e-002	1.000000e-030	3.076013e-002	3.076013e-002	1.538006e-002	1.000000e-030	1.000000e-030	
