8.059943e-001	1.940057e-001	0.000000e+000	0.000000e+000	0.000000e+000	
0.000000e+000	8.296954e-001	1.703046e-001	0.000000e+000	0.000000e+000	
0.000000e+000	0.000000e+000	8.687988e-001	1.312012e-001	0.000000e+000	
0.000000e+000	0.000000e+000	0.000000e+000	9.659401e-001	3.405991e-002	
0.000000e+000	0.000000e+000	0.000000e+000	0.000000e+000	1.000000e+000	
1.000000e-030	1.000000e-030	1.000000e-030	1.000000e-030	1.000000e-030	1.940057e-001	1.000000e-030	1.000000e-030	1.000000e-030	2.997988e-002	1.000000e-030	1.000000e-030	1.000000e-030	1.000000e-030	1.000000e-030	1.000000e-030	1.000000e-030	1.000000e-030	1.000000e-030	1.940057e-001	1.964130e-014	3.880030e-001	1.000000e-030	1.000000e-030	1.000000e-030	1.000000e-030	1.000000e-030	1.940057e-001	1.000000e-030	1.000000e-030	1.000000e-030	1.000000e-030	
1.000000e-030	5.109139e-001	1.000000e-030	1.000000e-030	1.000000e-030	1.000000e-030	1.000000e-030	1.000000e-030	1.000000e-030	1.439873e-001	1.000000e-030	1.000000e-030	1.617053e-001	1.000000e-030	1.000000e-030	1.000000e-030	1.000000e-030	1.000000e-030	1.000000e-030	1.308105e-002	1.703046e-001	7.770567e-006	1.000000e-030	1.000000e-030	1.000000e-030	1.000000e-030	1.000000e-030	3.140740e-029	1.000000e-030	1.000000e-030	1.000000e-030	1.000000e-030	
1.000000e-030	6.170924e-017	1.000000e-030	1.000000e-030	1.000000e-030	1.255076e-001	1.000000e-030	1.000000e-030	1.000000e-030	4.023925e-010	1.000000e-030	1.000000e-030	6.624825e-003	1.000000e-030	1.000000e-030	1.000000e-030	1.000000e-030	1.000000e-030	1.000000e-030	1.211043e-001	1.000000e-030	7.467633e-001	1.000000e-030	1.000000e-030	1.000000e-030	1.000000e-030	1.000000e-030	1.000000e-030	1.000000e-030	1.000000e-030	1.000000e-030	1.000000e-030	
1.000000e-030	2.806035e-004	1.000000e-030	6.811976e-002	4.418392e-025	3.553795e-002	1.000000e-030	1.000000e-030	1.000000e-030	1.702995e-001	1.000000e-030	3.405991e-002	3.405988e-002	3.405991e-002	1.000000e-030	1.000000e-030	1.000000e-030	1.000000e-030	1.000000e-030	6.812485e-002	1.362396e-001	4.192180e-001	1.000000e-030	1.000000e-030	1.000000e-030	1.000000e-030	1.000000e-030	1.000000e-030	1.000000e-030	1.000000e-030	1.000000e-030	1.000000e-030	
1.568881e-001	3.906045e-002	1.000000e-030	5.883306e-002	3.922202e-002	5.883303e-002	5.883303e-002	3.922202e-002	1.000000e-030	4.925881e-008	1.000000e-030	3.922202e-002	7.844405e-002	1.961101e-002	1.000000e-030	1.000000e-030	1.000000e-030	1.764991e-001	1.000000e-030	3.922202e-002	3.922202e-002	1.176661e-001	1.000000e-030	1.000000e-030	1.000000e-030	3.922202e-002	1.000000e-030	1.000000e-030	1.000000e-030	1.000000e-030	1.000000e-030	1.000000e-030	
