7.500000e-001	2.500000e-001	0.000000e+000	0.000000e+000	0.000000e+000	
0.000000e+000	6.688897e-001	3.311103e-001	0.000000e+000	0.000000e+000	
0.000000e+000	0.000000e+000	8.746845e-001	1.253155e-001	0.000000e+000	
0.000000e+000	0.000000e+000	0.000000e+000	8.927734e-001	1.072266e-001	
0.000000e+000	0.000000e+000	0.000000e+000	0.000000e+000	1.000000e+000	
1.000000e-030	1.000000e-030	1.000000e-030	1.000000e-030	1.000000e-030	1.000000e-030	1.000000e-030	2.500000e-001	1.000000e-030	1.000000e-030	1.000000e-030	1.000000e-030	1.000000e-030	1.000000e-030	1.000000e-030	1.000000e-030	1.000000e-030	1.000000e-030	1.000000e-030	1.000000e-030	5.000000e-001	2.500000e-001	1.000000e-030	1.000000e-030	1.000000e-030	1.000000e-030	1.000000e-030	1.000000e-030	1.000000e-030	1.000000e-030	1.000000e-030	1.000000e-030	
1.000000e-030	1.000000e-030	1.000000e-030	1.000000e-030	1.000000e-030	1.000000e-030	1.000000e-030	1.000000e-030	1.000000e-030	1.000000e-030	1.000000e-030	1.000000e-030	3.311103e-001	1.000000e-030	1.000000e-030	1.000000e-030	1.000000e-030	3.311103e-001	1.000000e-030	3.311103e-001	1.000000e-030	6.669235e-003	1.000000e-030	1.000000e-030	1.000000e-030	1.000000e-030	1.000000e-030	1.000000e-030	1.000000e-030	1.000000e-030	1.000000e-030	1.000000e-030	
1.000000e-030	1.000000e-030	1.000000e-030	1.000000e-030	1.000000e-030	1.253155e-001	1.000000e-030	1.000000e-030	1.000000e-030	6.265776e-001	1.000000e-030	1.000000e-030	1.000000e-030	1.000000e-030	1.000000e-030	1.000000e-030	1.000000e-030	1.000000e-030	1.000000e-030	1.000000e-030	1.000000e-030	2.481069e-001	1.000000e-030	1.000000e-030	1.000000e-030	1.000000e-030	1.000000e-030	1.000000e-030	1.000000e-030	1.000000e-030	1.000000e-030	1.000000e-030	
1.000000e-030	4.461263e-002	1.000000e-030	1.000000e-030	1.000000e-030	1.000000e-030	1.000000e-030	1.000000e-030	1.000000e-030	1.000000e-030	1.000000e-030	1.000000e-030	1.000000e-030	1.000000e-030	1.000000e-030	3.216640e-001	1.000000e-030	1.000000e-030	1.000000e-030	2.054963e-001	1.072266e-001	1.000000e-030	1.000000e-030	1.072266e-001	1.000000e-030	1.000000e-030	1.000000e-030	1.000000e-030	2.137740e-001	1.000000e-030	1.000000e-030	1.000000e-030	
9.374085e-002	4.799452e-002	4.017465e-002	1.339155e-002	1.000000e-030	4.017465e-002	6.695775e-002	1.000000e-030	1.000000e-030	2.142648e-001	1.000000e-030	1.339155e-002	4.017465e-002	2.678310e-002	1.000000e-030	4.017661e-002	1.000000e-030	9.374085e-002	1.000000e-030	2.790172e-002	6.695775e-002	1.205240e-001	1.000000e-030	1.000000e-030	1.000000e-030	1.339155e-002	1.000000e-030	1.339155e-002	1.347637e-002	1.000000e-030	1.339155e-002	1.000000e-030	
