7.306234e-001	2.693766e-001	0.000000e+000	0.000000e+000	0.000000e+000	
0.000000e+000	8.940537e-001	1.059463e-001	0.000000e+000	0.000000e+000	
0.000000e+000	0.000000e+000	9.522845e-001	4.771547e-002	0.000000e+000	
0.000000e+000	0.000000e+000	0.000000e+000	9.370729e-001	6.292705e-002	
0.000000e+000	0.000000e+000	0.000000e+000	0.000000e+000	1.000000e+000	
1.000000e-030	1.000000e-030	1.000000e-030	1.000000e-030	1.000000e-030	1.000000e-030	1.000000e-030	1.000000e-030	1.000000e-030	1.000000e-030	1.000000e-030	1.000000e-030	1.000000e-030	1.000000e-030	1.000000e-030	1.000000e-030	1.000000e-030	1.000000e-030	1.000000e-030	1.000000e-030	1.000000e-030	1.000000e-030	1.000000e-030	4.598556e-009	1.000000e-030	1.000000e-030	1.000000e-030	1.000000e-030	1.000000e-030	1.000000e-030	1.000000e-030	1.000000e+000	
1.000000e-030	1.000000e-030	1.000000e-030	1.000000e-030	1.000000e-030	1.000000e-030	1.000000e-030	1.000000e-030	1.000000e-030	1.000000e-030	1.000000e-030	1.000000e-030	1.000000e-030	1.000000e-030	1.000000e-030	5.173053e-004	1.000000e-030	1.000000e-030	1.000000e-030	1.000000e-030	1.000000e-030	1.000000e-030	1.000000e-030	1.615374e-001	1.000000e-030	1.000000e-030	1.000000e-030	1.000000e-030	1.000000e-030	1.000000e-030	1.000000e-030	8.379452e-001	
1.000000e-030	1.000000e-030	1.000000e-030	1.000000e-030	1.000000e-030	1.000000e-030	1.000000e-030	1.000000e-030	1.000000e-030	1.000000e-030	1.000000e-030	1.000000e-030	1.000000e-030	1.000000e-030	1.000000e-030	9.519796e-002	1.000000e-030	1.000000e-030	1.000000e-030	1.000000e-030	1.000000e-030	1.000000e-030	1.000000e-030	2.135405e-001	1.000000e-030	1.000000e-030	1.000000e-030	1.000000e-030	1.000000e-030	5.019048e-004	1.000000e-030	6.907596e-001	
1.000000e-030	4.809568e-017	1.000000e-030	1.000000e-030	1.000000e-030	1.000000e-030	1.000000e-030	1.000000e-030	1.000000e-030	1.000000e-030	1.000000e-030	1.000000e-030	1.000000e-030	1.258540e-001	1.000000e-030	6.292701e-002	1.000000e-030	1.000000e-030	1.000000e-030	1.000000e-030	1.000000e-030	1.000000e-030	1.000000e-030	1.678717e-014	1.000000e-030	6.292705e-002	1.000000e-030	1.000000e-030	1.000000e-030	6.226514e-002	1.000000e-030	6.860268e-001	
1.000000e-030	6.122449e-002	2.040816e-002	1.000000e-030	2.040816e-002	1.000000e-030	4.081633e-002	1.000000e-030	1.000000e-030	1.000000e-030	2.040816e-002	1.000000e-030	1.000000e-030	2.260375e-008	1.000000e-030	1.020408e-001	1.020408e-001	4.081633e-002	4.081633e-002	2.040816e-002	4.081633e-002	1.000000e-030	1.000000e-030	6.122449e-002	1.000000e-030	1.000000e-030	1.000000e-030	2.040816e-002	1.000000e-030	1.632653e-001	1.000000e-030	2.448980e-001	
