8.750000e-001	1.250000e-001	0.000000e+000	0.000000e+000	0.000000e+000	
0.000000e+000	6.460080e-001	3.539920e-001	0.000000e+000	0.000000e+000	
0.000000e+000	0.000000e+000	8.215616e-001	1.784384e-001	0.000000e+000	
0.000000e+000	0.000000e+000	0.000000e+000	8.874930e-001	1.125070e-001	
0.000000e+000	0.000000e+000	0.000000e+000	0.000000e+000	1.000000e+000	
1.000000e-030	1.000000e-030	1.000000e-030	1.250000e-001	1.250000e-001	6.250000e-001	1.000000e-030	1.000000e-030	1.000000e-030	1.000000e-030	1.000000e-030	1.000000e-030	1.250000e-001	1.000000e-030	1.000000e-030	1.000000e-030	1.000000e-030	1.000000e-030	1.000000e-030	1.000000e-030	1.000000e-030	1.000000e-030	1.000000e-030	1.000000e-030	1.000000e-030	1.000000e-030	1.000000e-030	1.000000e-030	1.000000e-030	1.000000e-030	1.000000e-030	1.000000e-030	
1.000000e-030	6.460080e-001	1.000000e-030	1.000000e-030	1.000000e-030	1.000000e-030	1.000000e-030	1.000000e-030	1.000000e-030	4.905821e-022	1.000000e-030	1.000000e-030	3.539920e-001	1.000000e-030	1.000000e-030	1.000000e-030	1.000000e-030	1.000000e-030	1.000000e-030	1.000000e-030	1.000000e-030	1.000000e-030	1.000000e-030	1.000000e-030	1.000000e-030	1.000000e-030	1.000000e-030	1.000000e-030	1.000000e-030	1.000000e-030	1.000000e-030	1.000000e-030	
1.000000e-030	1.078082e-001	1.000000e-030	1.000000e-030	3.568767e-001	1.000000e-030	1.000000e-030	1.000000e-030	1.000000e-030	3.568767e-001	1.000000e-030	1.000000e-030	1.000000e-030	1.000000e-030	1.000000e-030	1.000000e-030	1.000000e-030	1.000000e-030	1.000000e-030	1.784384e-001	1.000000e-030	1.000000e-030	1.000000e-030	1.000000e-030	1.000000e-030	1.000000e-030	1.000000e-030	1.000000e-030	1.000000e-030	1.000000e-030	1.000000e-030	1.000000e-030	
1.000000e-030	1.326961e-001	1.000000e-030	2.966341e-001	5.087410e-016	2.364510e-001	1.000000e-030	1.000000e-030	1.000000e-030	1.000000e-030	1.000000e-030	1.000000e-030	1.000000e-030	1.000000e-030	1.000000e-030	1.000000e-030	1.000000e-030	1.000000e-030	1.000000e-030	1.000000e-030	2.218976e-001	1.123211e-001	1.000000e-030	1.000000e-030	1.000000e-030	1.000000e-030	1.000000e-030	1.000000e-030	1.000000e-030	1.000000e-030	1.000000e-030	1.000000e-030	
1.000000e-030	5.959963e-002	1.000000e-030	1.542212e-001	1.628608e-001	1.750529e-001	1.000000e-030	1.357173e-002	4.071520e-002	5.428693e-002	1.000000e-030	1.000000e-030	4.071520e-002	1.000000e-030	1.357173e-002	1.000000e-030	2.714346e-002	5.428693e-002	1.000000e-030	2.714346e-002	9.537805e-002	1.359415e-002	1.000000e-030	1.000000e-030	1.000000e-030	1.000000e-030	1.000000e-030	2.714346e-002	1.000000e-030	1.000000e-030	4.071520e-002	1.000000e-030	
