7.500000e-001	2.500000e-001	0.000000e+000	0.000000e+000	0.000000e+000	
0.000000e+000	8.571429e-001	1.428571e-001	0.000000e+000	0.000000e+000	
0.000000e+000	0.000000e+000	8.750000e-001	1.250000e-001	0.000000e+000	
0.000000e+000	0.000000e+000	0.000000e+000	8.897032e-001	1.102968e-001	
0.000000e+000	0.000000e+000	0.000000e+000	0.000000e+000	1.000000e+000	
1.000000e-030	1.000000e-030	1.000000e-030	1.000000e-030	1.000000e-030	1.000000e-030	1.000000e-030	1.000000e-030	1.000000e-030	1.000000e-030	1.000000e-030	1.000000e-030	7.500000e-001	1.000000e-030	1.000000e-030	2.500000e-001	1.000000e-030	1.000000e-030	1.000000e-030	1.000000e-030	5.004603e-019	1.000000e-030	1.000000e-030	1.000000e-030	1.000000e-030	1.000000e-030	1.000000e-030	1.000000e-030	1.000000e-030	1.000000e-030	1.000000e-030	1.000000e-030	
1.000000e-030	1.000000e-030	1.000000e-030	1.000000e-030	1.000000e-030	1.000000e-030	1.000000e-030	2.857143e-001	1.000000e-030	1.000000e-030	1.000000e-030	2.857143e-001	1.000000e-030	1.000000e-030	1.000000e-030	1.000000e-030	1.000000e-030	1.000000e-030	1.000000e-030	6.298712e-016	2.857143e-001	1.428571e-001	1.000000e-030	1.000000e-030	1.000000e-030	1.000000e-030	1.000000e-030	1.000000e-030	1.000000e-030	1.000000e-030	1.000000e-030	1.000000e-030	
1.000000e-030	1.000000e-030	1.000000e-030	1.000000e-030	1.000000e-030	1.000000e-030	1.000000e-030	6.250000e-001	1.000000e-030	1.000000e-030	1.000000e-030	1.000000e-030	1.000000e-030	1.000000e-030	1.000000e-030	1.000000e-030	1.000000e-030	1.000000e-030	1.000000e-030	2.500000e-001	1.000000e-030	1.000000e-030	1.000000e-030	1.000000e-030	1.000000e-030	1.000000e-030	1.000000e-030	1.000000e-030	1.250000e-001	1.000000e-030	1.000000e-030	1.000000e-030	
1.000000e-030	1.000000e-030	1.000000e-030	1.000000e-030	1.000000e-030	1.000000e-030	1.000000e-030	1.000000e-030	1.000000e-030	1.556912e-001	1.000000e-030	1.000000e-030	1.092121e-001	3.735643e-024	1.000000e-030	8.549893e-002	1.000000e-030	1.000000e-030	1.000000e-030	1.069594e-001	2.118103e-001	3.308281e-001	1.000000e-030	1.000000e-030	1.000000e-030	1.000000e-030	1.000000e-030	1.000000e-030	1.000000e-030	1.000000e-030	1.000000e-030	1.000000e-030	
8.458621e-002	5.639080e-002	1.409770e-002	1.409770e-002	1.000000e-030	1.409770e-002	4.229310e-002	1.550747e-001	4.229310e-002	1.210772e-001	1.000000e-030	1.409770e-002	2.833404e-002	5.639080e-002	1.409770e-002	3.136496e-002	1.000000e-030	5.639080e-002	1.409770e-002	4.271967e-002	5.751345e-002	7.049645e-002	1.000000e-030	1.409770e-002	1.000000e-030	1.000000e-030	1.409770e-002	2.819540e-002	1.409770e-002	1.000000e-030	1.000000e-030	1.000000e-030	
