7.122293e-001	2.877707e-001	0.000000e+000	0.000000e+000	0.000000e+000	
0.000000e+000	8.283329e-001	1.716671e-001	0.000000e+000	0.000000e+000	
0.000000e+000	0.000000e+000	9.332103e-001	6.678974e-002	0.000000e+000	
0.000000e+000	0.000000e+000	0.000000e+000	9.133109e-001	8.668911e-002	
0.000000e+000	0.000000e+000	0.000000e+000	0.000000e+000	1.000000e+000	
1.000000e-030	2.874594e-001	1.000000e-030	1.000000e-030	1.000000e-030	1.549208e-001	1.000000e-030	3.396445e-007	1.000000e-030	2.698487e-001	1.000000e-030	1.000000e-030	1.000000e-030	1.000000e-030	1.000000e-030	1.000000e-030	1.000000e-030	1.000000e-030	1.000000e-030	1.000000e-030	2.877707e-001	1.000000e-030	1.000000e-030	1.000000e-030	1.000000e-030	1.000000e-030	1.000000e-030	1.000000e-030	1.000000e-030	1.000000e-030	1.000000e-030	1.000000e-030	
1.000000e-030	5.885831e-004	1.000000e-030	1.000000e-030	1.000000e-030	7.925048e-002	1.000000e-030	1.716669e-001	1.000000e-030	3.542698e-001	1.000000e-030	1.000000e-030	1.000000e-030	1.000000e-030	1.000000e-030	1.000000e-030	1.000000e-030	1.000000e-030	1.000000e-030	5.089892e-002	1.538942e-019	1.716669e-001	1.000000e-030	1.000000e-030	1.000000e-030	1.000000e-030	1.000000e-030	1.000000e-030	1.716584e-001	1.000000e-030	1.000000e-030	1.000000e-030	
1.000000e-030	2.777571e-001	6.678974e-002	1.976254e-001	1.000000e-030	6.479687e-002	1.000000e-030	1.000000e-030	1.000000e-030	1.957513e-001	1.000000e-030	1.000000e-030	1.749993e-021	1.000000e-030	1.000000e-030	1.000000e-030	1.000000e-030	1.000000e-030	1.000000e-030	1.127962e-001	7.204601e-002	1.243404e-002	1.000000e-030	1.000000e-030	1.000000e-030	1.000000e-030	1.000000e-030	1.000000e-030	3.400694e-006	1.000000e-030	1.000000e-030	1.000000e-030	
1.000000e-030	7.272992e-002	1.000000e-030	8.534337e-002	1.000000e-030	8.895198e-002	1.000000e-030	1.000000e-030	1.000000e-030	5.870415e-003	1.000000e-030	1.000000e-030	1.733780e-001	1.000000e-030	1.000000e-030	1.000000e-030	1.000000e-030	1.109926e-003	1.000000e-030	8.786323e-002	7.986677e-002	4.048864e-001	1.000000e-030	1.000000e-030	1.000000e-030	1.000000e-030	1.000000e-030	1.000000e-030	1.000000e-030	1.000000e-030	1.000000e-030	1.000000e-030	
1.265984e-001	7.912400e-002	1.000000e-030	4.837016e-002	3.164960e-002	4.753350e-002	9.494880e-002	3.164960e-002	1.000000e-030	4.747440e-002	1.000000e-030	1.000000e-030	3.164964e-002	1.000000e-030	1.000000e-030	3.164960e-002	1.000000e-030	7.892139e-002	1.000000e-030	3.166754e-002	1.582480e-002	3.391694e-002	1.000000e-030	9.494880e-002	1.000000e-030	3.164960e-002	1.000000e-030	3.164960e-002	1.000000e-030	1.582480e-002	1.000000e-030	9.494880e-002	
