8.579785e-001	1.420215e-001	0.000000e+000	0.000000e+000	0.000000e+000	
0.000000e+000	8.884387e-001	1.115613e-001	0.000000e+000	0.000000e+000	
0.000000e+000	0.000000e+000	8.897539e-001	1.102461e-001	0.000000e+000	
0.000000e+000	0.000000e+000	0.000000e+000	8.890925e-001	1.109075e-001	
0.000000e+000	0.000000e+000	0.000000e+000	0.000000e+000	1.000000e+000	
1.000000e-030	1.000000e-030	1.000000e-030	1.000000e-030	1.000000e-030	1.000000e-030	1.000000e-030	1.000000e-030	1.000000e-030	1.000000e-030	1.000000e-030	1.000000e-030	1.000000e-030	2.840429e-001	1.000000e-030	1.000000e-030	1.000000e-030	1.000000e-030	1.000000e-030	1.000000e-030	1.000000e-030	1.000000e-030	1.000000e-030	1.000000e-030	1.000000e-030	5.888507e-004	1.000000e-030	1.000000e-030	1.000000e-030	1.000000e-030	1.000000e-030	7.153682e-001	
1.000000e-030	1.000000e-030	1.000000e-030	1.000000e-030	1.000000e-030	1.000000e-030	1.000000e-030	1.000000e-030	1.000000e-030	1.000000e-030	1.000000e-030	1.000000e-030	1.000000e-030	1.312431e-012	1.000000e-030	1.000000e-030	1.000000e-030	1.000000e-030	1.000000e-030	1.000000e-030	1.000000e-030	1.000000e-030	1.000000e-030	1.000000e-030	1.000000e-030	3.342213e-001	1.000000e-030	1.000000e-030	1.000000e-030	2.231226e-001	1.000000e-030	4.426561e-001	
1.000000e-030	1.000000e-030	1.000000e-030	1.000000e-030	1.000000e-030	1.000000e-030	1.000000e-030	1.000000e-030	1.000000e-030	1.000000e-030	1.000000e-030	1.000000e-030	1.000000e-030	3.307384e-001	1.000000e-030	1.000000e-030	1.000000e-030	1.000000e-030	1.000000e-030	1.000000e-030	1.000000e-030	1.000000e-030	1.000000e-030	1.766418e-011	1.000000e-030	5.493867e-013	1.000000e-030	1.000000e-030	1.000000e-030	1.000000e-030	1.000000e-030	6.692616e-001	
1.000000e-030	1.000000e-030	1.000000e-030	1.000000e-030	1.000000e-030	1.000000e-030	1.000000e-030	1.000000e-030	1.000000e-030	1.000000e-030	1.000000e-030	1.000000e-030	1.000000e-030	2.139233e-011	1.000000e-030	1.000000e-030	1.000000e-030	3.943380e-008	1.000000e-030	1.000000e-030	1.000000e-030	1.000000e-030	1.000000e-030	1.108769e-001	1.000000e-030	2.442311e-001	1.000000e-030	1.000000e-030	1.000000e-030	1.000000e-030	1.000000e-030	6.448920e-001	
1.386578e-001	1.540642e-002	1.000000e-030	1.000000e-030	1.000000e-030	1.540642e-002	9.243854e-002	1.000000e-030	1.000000e-030	3.081285e-002	1.000000e-030	4.621927e-002	1.540642e-002	1.232514e-001	1.000000e-030	4.621927e-002	1.000000e-030	9.243854e-002	1.000000e-030	1.000000e-030	1.000000e-030	1.540642e-002	1.000000e-030	3.081710e-002	1.000000e-030	1.355439e-001	1.000000e-030	1.000000e-030	1.000000e-030	3.081285e-002	1.000000e-030	1.711627e-001	
