8.350754e-001	1.649246e-001	0.000000e+000	0.000000e+000	0.000000e+000	
0.000000e+000	8.349603e-001	1.650397e-001	0.000000e+000	0.000000e+000	
0.000000e+000	0.000000e+000	8.674812e-001	1.325188e-001	0.000000e+000	
0.000000e+000	0.000000e+000	0.000000e+000	9.228468e-001	7.715322e-002	
0.000000e+000	0.000000e+000	0.000000e+000	0.000000e+000	1.000000e+000	
1.000000e-030	1.000000e-030	1.000000e-030	1.000000e-030	1.000000e-030	1.000000e-030	1.000000e-030	1.745263e-001	1.000000e-030	1.649246e-001	1.000000e-030	1.000000e-030	1.000000e-030	1.000000e-030	1.000000e-030	1.000000e-030	1.000000e-030	1.000000e-030	1.000000e-030	2.719135e-002	4.947737e-001	1.000000e-030	1.000000e-030	1.000000e-030	1.000000e-030	1.000000e-030	1.000000e-030	1.000000e-030	1.385840e-001	1.616613e-018	1.000000e-030	1.000000e-030	
1.000000e-030	1.000000e-030	1.000000e-030	1.000000e-030	1.000000e-030	1.000000e-030	1.000000e-030	3.204467e-001	1.000000e-030	1.000000e-030	1.000000e-030	1.000000e-030	1.000000e-030	2.024594e-002	1.000000e-030	1.000000e-030	1.000000e-030	1.000000e-030	1.000000e-030	1.378293e-001	4.385005e-008	3.930659e-016	1.000000e-030	1.000000e-030	1.000000e-030	3.300793e-001	1.000000e-030	1.000000e-030	2.635897e-002	1.650397e-001	1.000000e-030	1.000000e-030	
1.000000e-030	1.000000e-030	1.000000e-030	1.325179e-001	1.000000e-030	1.000000e-030	1.000000e-030	1.938145e-005	1.000000e-030	1.000000e-030	1.000000e-030	1.325188e-001	1.325188e-001	1.162623e-001	1.000000e-030	1.000000e-030	1.000000e-030	1.000000e-030	1.000000e-030	2.650375e-001	4.835706e-011	2.211254e-001	1.000000e-030	1.000000e-030	1.000000e-030	1.804369e-025	1.000000e-030	1.000000e-030	1.000000e-030	1.000000e-030	1.000000e-030	1.000000e-030	
1.000000e-030	1.000000e-030	1.000000e-030	4.795255e-007	1.543064e-001	1.000000e-030	1.000000e-030	1.000000e-030	1.000000e-030	2.314597e-001	1.000000e-030	1.000000e-030	1.000000e-030	7.715322e-002	1.000000e-030	1.000000e-030	1.000000e-030	7.040773e-010	1.000000e-030	1.692984e-029	3.625614e-001	1.027191e-001	1.000000e-030	1.000000e-030	1.000000e-030	1.000000e-030	1.000000e-030	1.000000e-030	7.179969e-002	1.000000e-030	1.000000e-030	1.000000e-030	
1.506701e-001	4.520104e-002	1.000000e-030	6.026806e-002	3.013403e-002	4.520104e-002	7.533507e-002	1.506701e-002	1.000000e-030	1.958712e-001	1.000000e-030	1.000000e-030	4.520104e-002	1.000000e-030	1.000000e-030	1.000000e-030	1.000000e-030	1.205361e-001	1.000000e-030	6.026806e-002	9.493367e-002	3.013403e-002	1.000000e-030	1.000000e-030	1.000000e-030	1.506701e-002	1.000000e-030	1.000000e-030	1.611249e-002	1.000000e-030	1.000000e-030	1.000000e-030	
