8.497033e-001	1.502967e-001	0.000000e+000	0.000000e+000	0.000000e+000	
0.000000e+000	7.613158e-001	2.386842e-001	0.000000e+000	0.000000e+000	
0.000000e+000	0.000000e+000	9.355642e-001	6.443579e-002	0.000000e+000	
0.000000e+000	0.000000e+000	0.000000e+000	9.347371e-001	6.526287e-002	
0.000000e+000	0.000000e+000	0.000000e+000	0.000000e+000	1.000000e+000	
1.000000e-030	1.502967e-001	1.000000e-030	1.000000e-030	1.502967e-001	1.000000e-030	1.000000e-030	1.000000e-030	1.000000e-030	1.000000e-030	1.000000e-030	1.000000e-030	1.000000e-030	1.000000e-030	1.000000e-030	4.508901e-001	1.000000e-030	1.000000e-030	1.000000e-030	1.000000e-030	2.485166e-001	1.000000e-030	1.000000e-030	1.000000e-030	1.000000e-030	1.000000e-030	1.000000e-030	1.000000e-030	1.000000e-030	1.000000e-030	1.000000e-030	1.000000e-030	
1.000000e-030	1.000000e-030	1.000000e-030	2.386842e-001	1.000000e-030	2.386842e-001	1.000000e-030	1.368847e-001	1.000000e-030	1.000000e-030	1.000000e-030	1.000000e-030	1.000000e-030	1.000000e-030	1.000000e-030	1.000000e-030	1.000000e-030	1.000000e-030	1.000000e-030	2.386842e-001	1.470628e-001	1.000000e-030	1.000000e-030	1.000000e-030	1.000000e-030	1.000000e-030	1.000000e-030	1.000000e-030	1.000000e-030	1.000000e-030	1.000000e-030	1.000000e-030	
1.000000e-030	6.443579e-002	1.000000e-030	1.000000e-030	1.000000e-030	1.000000e-030	1.000000e-030	1.563536e-001	1.000000e-030	1.933074e-001	1.000000e-030	1.000000e-030	1.933074e-001	1.000000e-030	1.000000e-030	1.000000e-030	1.000000e-030	6.443579e-002	1.000000e-030	1.000000e-030	1.348527e-001	1.288716e-001	1.000000e-030	1.000000e-030	1.000000e-030	1.000000e-030	1.000000e-030	1.000000e-030	6.443579e-002	1.000000e-030	1.000000e-030	1.000000e-030	
1.000000e-030	1.000000e-030	1.000000e-030	6.526287e-002	1.305257e-001	1.305257e-001	1.000000e-030	1.000000e-030	1.000000e-030	1.752385e-001	1.000000e-030	1.000000e-030	6.526287e-002	1.000000e-030	1.000000e-030	1.000000e-030	1.000000e-030	1.000000e-030	1.000000e-030	6.526287e-002	2.373957e-001	6.526287e-002	1.000000e-030	1.000000e-030	1.000000e-030	1.000000e-030	1.000000e-030	1.000000e-030	6.526287e-002	1.000000e-030	1.000000e-030	1.000000e-030	
1.395798e-001	1.744748e-002	3.489495e-002	5.234243e-002	1.000000e-030	1.744748e-002	1.046849e-001	1.744748e-002	1.000000e-030	7.528380e-002	1.000000e-030	1.000000e-030	5.234243e-002	3.489495e-002	1.000000e-030	3.489495e-002	1.000000e-030	1.221323e-001	1.000000e-030	1.000000e-030	1.221323e-001	8.723738e-002	1.000000e-030	1.000000e-030	1.000000e-030	1.744748e-002	1.000000e-030	6.978990e-002	1.000000e-030	1.000000e-030	1.000000e-030	1.000000e-030	
