8.283523e-061	1.000000e+000	0.000000e+000	0.000000e+000	0.000000e+000	
0.000000e+000	9.372255e-001	6.277452e-002	0.000000e+000	0.000000e+000	
0.000000e+000	0.000000e+000	8.577022e-001	1.422978e-001	0.000000e+000	
0.000000e+000	0.000000e+000	0.000000e+000	9.335215e-001	6.647851e-002	
0.000000e+000	0.000000e+000	0.000000e+000	0.000000e+000	1.000000e+000	
1.000000e-030	1.000000e-030	1.000000e-030	1.000000e-030	1.000000e-030	1.000000e-030	1.000000e-030	1.000000e+000	1.000000e-030	1.000000e-030	1.000000e-030	1.000000e-030	1.000000e-030	1.000000e-030	1.000000e-030	1.000000e-030	1.000000e-030	1.000000e-030	1.000000e-030	1.000000e-030	1.000000e-030	1.000000e-030	1.000000e-030	1.000000e-030	1.000000e-030	1.000000e-030	1.000000e-030	1.000000e-030	1.000000e-030	1.000000e-030	1.000000e-030	1.000000e-030	
1.000000e-030	1.000000e-030	1.000000e-030	1.000000e-030	1.000000e-030	1.000000e-030	1.000000e-030	5.608486e-017	1.000000e-030	1.000000e-030	1.000000e-030	1.000000e-030	1.000000e-030	1.883236e-001	1.000000e-030	2.886186e-001	1.000000e-030	1.000000e-030	1.000000e-030	1.000000e-030	1.000000e-030	1.000000e-030	1.000000e-030	2.719597e-001	1.000000e-030	1.000000e-030	1.000000e-030	1.000000e-030	1.000000e-030	6.277452e-002	1.000000e-030	1.883236e-001	
1.000000e-030	1.000000e-030	1.000000e-030	1.000000e-030	1.000000e-030	1.000000e-030	1.000000e-030	2.845956e-001	1.000000e-030	1.000000e-030	1.000000e-030	1.000000e-030	1.000000e-030	6.495307e-013	1.000000e-030	4.780981e-001	1.000000e-030	1.000000e-030	1.000000e-030	1.000000e-030	1.000000e-030	1.000000e-030	1.000000e-030	2.373063e-001	1.000000e-030	1.000000e-030	1.000000e-030	1.000000e-030	1.000000e-030	1.000000e-030	1.000000e-030	5.102816e-011	
1.000000e-030	1.000000e-030	1.000000e-030	1.000000e-030	1.000000e-030	1.000000e-030	1.000000e-030	1.000000e-030	1.000000e-030	1.000000e-030	1.000000e-030	1.000000e-030	1.000000e-030	1.994355e-001	1.000000e-030	4.681719e-001	1.000000e-030	1.000000e-030	1.000000e-030	6.647851e-002	1.000000e-030	1.000000e-030	1.000000e-030	8.551621e-020	1.000000e-030	3.116207e-010	1.000000e-030	1.000000e-030	1.329570e-001	6.647851e-002	1.000000e-030	6.647851e-002	
8.333333e-002	1.000000e-030	3.333333e-002	1.000000e-030	1.000000e-030	1.000000e-030	5.000000e-002	8.333333e-002	3.333333e-002	1.000000e-030	1.000000e-030	1.000000e-030	1.666667e-002	1.166667e-001	3.333333e-002	1.833333e-001	1.666667e-002	5.000000e-002	1.000000e-030	1.000000e-030	1.000000e-030	1.000000e-030	1.000000e-030	8.333333e-002	1.000000e-030	1.166667e-001	1.000000e-030	6.666667e-002	1.062546e-015	1.000000e-030	1.000000e-030	3.333333e-002	
