5.000840e-001	4.999160e-001	0.000000e+000	0.000000e+000	0.000000e+000	
0.000000e+000	9.333307e-001	6.666926e-002	0.000000e+000	0.000000e+000	
0.000000e+000	0.000000e+000	8.413140e-001	1.586860e-001	0.000000e+000	
0.000000e+000	0.000000e+000	0.000000e+000	8.707945e-001	1.292055e-001	
0.000000e+000	0.000000e+000	0.000000e+000	0.000000e+000	1.000000e+000	
1.000000e-030	4.999160e-001	1.000000e-030	1.000000e-030	1.680246e-004	1.549617e-029	1.000000e-030	1.000000e-030	1.000000e-030	1.000000e-030	1.000000e-030	1.000000e-030	1.000000e-030	1.000000e-030	1.000000e-030	1.000000e-030	1.000000e-030	4.999160e-001	1.000000e-030	1.000000e-030	1.000000e-030	1.000000e-030	1.000000e-030	1.000000e-030	1.000000e-030	1.000000e-030	1.000000e-030	1.000000e-030	1.000000e-030	1.000000e-030	1.000000e-030	1.000000e-030	
1.000000e-030	6.666926e-002	1.000000e-030	6.666926e-002	4.666459e-001	3.333463e-001	1.000000e-030	1.000000e-030	1.000000e-030	1.864456e-008	1.000000e-030	1.000000e-030	1.000000e-030	1.000000e-030	1.000000e-030	1.000000e-030	1.000000e-030	1.258128e-011	1.000000e-030	1.000000e-030	1.000000e-030	6.666926e-002	1.000000e-030	1.000000e-030	1.000000e-030	1.000000e-030	1.000000e-030	1.000000e-030	1.000000e-030	1.000000e-030	1.000000e-030	1.000000e-030	
1.000000e-030	1.586854e-001	1.000000e-030	1.000000e-030	3.914922e-005	3.652175e-001	1.000000e-030	1.000000e-030	1.000000e-030	1.586859e-001	1.000000e-030	1.000000e-030	3.173720e-001	1.000000e-030	1.000000e-030	1.000000e-030	1.000000e-030	1.000000e-030	1.000000e-030	1.000000e-030	5.965645e-011	1.000000e-030	1.000000e-030	1.000000e-030	1.000000e-030	1.000000e-030	1.000000e-030	1.000000e-030	1.000000e-030	1.000000e-030	1.000000e-030	1.000000e-030	
5.312429e-003	4.553054e-007	1.000000e-030	1.292055e-001	1.000000e-030	2.194541e-001	1.000000e-030	1.000000e-030	1.292055e-001	1.000000e-030	1.000000e-030	1.000000e-030	1.536102e-027	1.000000e-030	1.000000e-030	1.000000e-030	2.331475e-023	3.876165e-001	1.000000e-030	1.000000e-030	1.292055e-001	1.000000e-030	1.000000e-030	1.000000e-030	1.000000e-030	1.000000e-030	1.000000e-030	1.000000e-030	1.000000e-030	1.000000e-030	1.000000e-030	1.000000e-030	
8.768366e-002	4.414434e-002	1.000000e-030	5.885912e-002	3.972990e-001	1.765774e-001	4.414434e-002	1.000000e-030	2.831372e-012	1.000000e-030	1.000000e-030	1.000000e-030	1.471478e-002	1.000000e-030	1.471478e-002	1.000000e-030	4.414434e-002	4.414434e-002	1.000000e-030	1.471478e-002	4.414434e-002	1.000000e-030	1.000000e-030	1.000000e-030	1.000000e-030	1.000000e-030	1.000000e-030	1.471478e-002	1.000000e-030	1.000000e-030	1.000000e-030	1.000000e-030	
