8.940357e-001	1.059643e-001	0.000000e+000	0.000000e+000	0.000000e+000	
0.000000e+000	6.098102e-001	3.901898e-001	0.000000e+000	0.000000e+000	
0.000000e+000	0.000000e+000	6.112185e-001	3.887815e-001	0.000000e+000	
0.000000e+000	0.000000e+000	0.000000e+000	9.223680e-001	7.763199e-002	
0.000000e+000	0.000000e+000	0.000000e+000	0.000000e+000	1.000000e+000	
1.000000e-030	1.000000e-030	1.000000e-030	2.582502e-001	1.000000e-030	2.119285e-001	1.000000e-030	1.000000e-030	1.000000e-030	2.119285e-001	1.000000e-030	1.000000e-030	1.000000e-030	1.000000e-030	1.000000e-030	1.000000e-030	1.000000e-030	1.000000e-030	1.000000e-030	1.000000e-030	3.178928e-001	1.000000e-030	1.000000e-030	1.000000e-030	1.000000e-030	1.000000e-030	1.000000e-030	1.000000e-030	1.000000e-030	1.000000e-030	1.000000e-030	1.000000e-030	
1.000000e-030	1.000000e-030	1.000000e-030	1.000000e+000	1.000000e-030	1.000000e-030	1.000000e-030	1.000000e-030	1.000000e-030	1.245610e-020	1.000000e-030	1.000000e-030	1.000000e-030	1.000000e-030	1.000000e-030	1.000000e-030	1.000000e-030	1.000000e-030	1.000000e-030	1.000000e-030	1.000000e-030	1.000000e-030	1.000000e-030	1.000000e-030	1.000000e-030	1.000000e-030	1.000000e-030	1.000000e-030	1.000000e-030	1.000000e-030	1.000000e-030	1.000000e-030	
1.000000e-030	1.000000e-030	1.000000e-030	8.626662e-015	1.000000e-030	1.000000e-030	1.000000e-030	1.000000e-030	1.000000e-030	1.000000e-030	1.000000e-030	1.000000e-030	7.775630e-001	1.000000e-030	1.000000e-030	1.000000e-030	1.000000e-030	1.000000e-030	1.000000e-030	1.000000e-030	1.000000e-030	2.224370e-001	1.000000e-030	1.000000e-030	1.000000e-030	1.000000e-030	1.000000e-030	1.000000e-030	1.000000e-030	1.000000e-030	1.000000e-030	1.000000e-030	
1.000000e-030	7.761649e-002	1.000000e-030	2.829186e-001	1.000000e-030	1.000000e-030	1.000000e-030	1.000000e-030	1.000000e-030	2.998022e-001	1.000000e-030	1.000000e-030	1.000000e-030	1.000000e-030	1.000000e-030	1.000000e-030	1.000000e-030	1.000000e-030	1.000000e-030	1.000000e-030	2.294330e-001	1.102297e-001	1.000000e-030	1.000000e-030	1.000000e-030	1.000000e-030	1.000000e-030	1.000000e-030	1.000000e-030	1.000000e-030	1.000000e-030	1.000000e-030	
1.118153e-001	9.784116e-002	1.000000e-030	8.883226e-002	2.795382e-002	5.590764e-002	5.590764e-002	1.000000e-030	1.000000e-030	1.277233e-001	1.000000e-030	1.000000e-030	4.193073e-002	1.397691e-002	1.000000e-030	1.000000e-030	1.000000e-030	1.677229e-001	1.000000e-030	2.795382e-002	4.255421e-002	1.119265e-001	1.000000e-030	1.000000e-030	1.000000e-030	1.397691e-002	1.000000e-030	1.397691e-002	1.000000e-030	1.000000e-030	1.000000e-030	1.000000e-030	
