0.000000e+000	1.000000e+000	0.000000e+000	0.000000e+000	0.000000e+000	
0.000000e+000	9.210393e-001	7.896067e-002	0.000000e+000	0.000000e+000	
0.000000e+000	0.000000e+000	9.250120e-001	7.498800e-002	0.000000e+000	
0.000000e+000	0.000000e+000	0.000000e+000	8.888889e-001	1.111111e-001	
0.000000e+000	0.000000e+000	0.000000e+000	0.000000e+000	1.000000e+000	
1.000000e-030	1.000000e-030	1.000000e-030	1.000000e-030	1.000000e-030	1.000000e-030	1.000000e-030	1.000000e-030	1.000000e-030	1.000000e-030	1.000000e-030	1.000000e-030	1.000000e-030	1.000000e-030	1.000000e-030	1.000000e-030	1.000000e-030	1.000000e-030	1.000000e-030	1.000000e-030	1.000000e-030	1.000000e-030	1.000000e-030	1.000000e+000	1.000000e-030	1.000000e-030	1.000000e-030	1.000000e-030	1.000000e-030	1.000000e-030	1.000000e-030	1.000000e-030	
1.000000e-030	1.000000e-030	1.000000e-030	1.000000e-030	1.000000e-030	1.000000e-030	1.000000e-030	1.000000e-030	1.000000e-030	1.000000e-030	1.000000e-030	1.000000e-030	1.000000e-030	1.000000e-030	1.000000e-030	1.000000e-030	1.000000e-030	1.000000e-030	1.000000e-030	1.000000e-030	1.000000e-030	1.000000e-030	1.000000e-030	2.110543e-020	1.000000e-030	1.000000e-030	1.000000e-030	1.000000e-030	1.000000e-030	1.000000e-030	1.000000e-030	1.000000e+000	
1.000000e-030	1.000000e-030	1.000000e-030	1.000000e-030	1.000000e-030	1.000000e-030	1.000000e-030	1.000000e-030	1.000000e-030	1.000000e-030	1.000000e-030	1.000000e-030	1.000000e-030	2.999520e-001	1.000000e-030	2.249640e-001	1.000000e-030	1.000000e-030	1.000000e-030	1.000000e-030	1.000000e-030	1.000000e-030	1.000000e-030	2.249640e-001	1.000000e-030	1.000000e-030	1.000000e-030	1.914018e-015	1.000000e-030	1.000000e-030	1.000000e-030	2.501200e-001	
3.480359e-011	1.000000e-030	1.000000e-030	1.000000e-030	1.000000e-030	1.000000e-030	1.000000e-030	1.000000e-030	1.000000e-030	1.000000e-030	1.000000e-030	1.000000e-030	1.000000e-030	6.341355e-012	1.000000e-030	1.000000e-030	6.666667e-001	1.111111e-001	1.000000e-030	1.000000e-030	1.000000e-030	1.000000e-030	1.000000e-030	1.000000e-030	1.000000e-030	1.000000e-030	1.000000e-030	1.111111e-001	1.111111e-001	1.000000e-030	1.000000e-030	1.000000e-030	
3.174603e-002	1.000000e-030	4.761905e-002	1.000000e-030	1.000000e-030	1.000000e-030	3.174603e-002	1.587302e-002	1.000000e-030	1.000000e-030	1.000000e-030	1.000000e-030	1.000000e-030	6.349206e-002	1.000000e-030	1.269841e-001	1.000000e-030	3.174603e-002	1.000000e-030	1.000000e-030	1.000000e-030	1.000000e-030	1.000000e-030	2.698413e-001	1.000000e-030	1.587302e-002	1.000000e-030	6.349206e-002	1.000000e-030	1.000000e-030	1.587302e-002	2.857143e-001	
