8.190427e-001	1.809573e-001	0.000000e+000	0.000000e+000	0.000000e+000	
0.000000e+000	9.133504e-001	8.664960e-002	0.000000e+000	0.000000e+000	
0.000000e+000	0.000000e+000	9.217678e-001	7.823216e-002	0.000000e+000	
0.000000e+000	0.000000e+000	0.000000e+000	7.881016e-001	2.118984e-001	
0.000000e+000	0.000000e+000	0.000000e+000	0.000000e+000	1.000000e+000	
1.000000e-030	1.000000e-030	1.000000e-030	1.000000e-030	1.000000e-030	1.000000e-030	1.000000e-030	1.000000e-030	1.000000e-030	1.000000e-030	1.000000e-030	1.000000e-030	1.000000e-030	4.555262e-002	1.000000e-030	1.000000e-030	1.000000e-030	1.000000e-030	1.000000e-030	1.000000e-030	1.000000e-030	1.000000e-030	1.000000e-030	1.000000e-030	1.000000e-030	9.999249e-002	1.000000e-030	1.000000e-030	1.000000e-030	1.000000e-030	1.000000e-030	8.544549e-001	
1.000000e-030	1.000000e-030	1.000000e-030	1.000000e-030	1.000000e-030	1.000000e-030	1.000000e-030	1.000000e-030	1.000000e-030	1.000000e-030	1.000000e-030	1.000000e-030	1.000000e-030	1.514868e-001	1.000000e-030	1.000000e-030	1.000000e-030	1.000000e-030	1.000000e-030	1.000000e-030	1.000000e-030	1.000000e-030	1.000000e-030	2.003877e-011	1.000000e-030	3.853315e-001	1.000000e-030	1.000000e-030	1.000000e-030	1.000000e-030	1.000000e-030	4.631817e-001	
1.000000e-030	1.000000e-030	1.000000e-030	1.000000e-030	1.000000e-030	1.000000e-030	1.000000e-030	1.000000e-030	1.000000e-030	1.000000e-030	1.000000e-030	1.000000e-030	1.000000e-030	1.620095e-028	1.000000e-030	7.823102e-002	1.000000e-030	1.000000e-030	1.000000e-030	1.000000e-030	1.000000e-030	1.000000e-030	1.000000e-030	7.823216e-002	1.000000e-030	6.720495e-005	1.000000e-030	1.000000e-030	1.000000e-030	1.000000e-030	1.000000e-030	8.434696e-001	
3.434601e-027	1.000000e-030	1.000000e-030	1.000000e-030	1.000000e-030	1.000000e-030	1.000000e-030	1.000000e-030	1.000000e-030	1.000000e-030	1.000000e-030	1.000000e-030	1.000000e-030	1.000000e-030	1.000000e-030	3.084160e-006	1.000000e-030	1.204871e-001	1.000000e-030	1.000000e-030	1.000000e-030	1.000000e-030	1.000000e-030	2.076842e-012	1.000000e-030	4.237031e-001	1.000000e-030	1.000000e-030	1.000000e-030	1.000000e-030	1.000000e-030	4.558068e-001	
1.552038e-001	1.000000e-030	1.000000e-030	1.000000e-030	1.000000e-030	1.552038e-002	4.656115e-002	1.862446e-001	1.000000e-030	3.104077e-002	1.000000e-030	1.862446e-001	1.000000e-030	1.552038e-002	1.000000e-030	6.208154e-002	1.000000e-030	1.153381e-001	1.000000e-030	3.104077e-002	1.000000e-030	1.552038e-002	1.000000e-030	7.760192e-002	1.000000e-030	1.552038e-002	1.000000e-030	1.552038e-002	1.000000e-030	3.104077e-002	1.000000e-030	1.138367e-014	
