7.974346e-001	2.025654e-001	0.000000e+000	0.000000e+000	0.000000e+000	
0.000000e+000	7.872618e-001	2.127382e-001	0.000000e+000	0.000000e+000	
0.000000e+000	0.000000e+000	9.507362e-001	4.926383e-002	0.000000e+000	
0.000000e+000	0.000000e+000	0.000000e+000	9.348199e-001	6.518012e-002	
0.000000e+000	0.000000e+000	0.000000e+000	0.000000e+000	1.000000e+000	
1.000000e-030	1.000000e-030	1.000000e-030	1.981263e-001	1.000000e-030	5.993083e-001	1.000000e-030	1.000000e-030	1.000000e-030	2.025654e-001	1.000000e-030	1.000000e-030	1.000000e-030	1.000000e-030	1.000000e-030	1.000000e-030	1.000000e-030	1.000000e-030	1.000000e-030	1.000000e-030	1.000000e-030	1.000000e-030	1.000000e-030	1.000000e-030	1.000000e-030	1.000000e-030	1.000000e-030	1.000000e-030	1.000000e-030	1.000000e-030	1.000000e-030	1.000000e-030	
1.000000e-030	2.108673e-001	1.000000e-030	2.101756e-001	5.669196e-001	1.203744e-002	1.000000e-030	1.000000e-030	1.000000e-030	1.000000e-030	1.000000e-030	1.000000e-030	1.000000e-030	1.000000e-030	1.000000e-030	1.000000e-030	1.000000e-030	1.000000e-030	1.000000e-030	1.000000e-030	1.000000e-030	1.000000e-030	1.000000e-030	1.000000e-030	1.000000e-030	1.000000e-030	1.000000e-030	1.000000e-030	1.000000e-030	1.000000e-030	1.000000e-030	1.000000e-030	
1.000000e-030	4.969708e-002	1.000000e-030	1.002007e-001	1.150375e-001	4.330378e-001	1.000000e-030	1.000000e-030	1.000000e-030	9.852766e-002	1.000000e-030	1.000000e-030	1.000000e-030	1.000000e-030	1.000000e-030	1.000000e-030	1.000000e-030	1.000000e-030	1.000000e-030	4.926383e-002	5.570789e-002	9.852766e-002	1.000000e-030	1.000000e-030	1.000000e-030	1.000000e-030	1.000000e-030	1.000000e-030	1.000000e-030	1.000000e-030	1.000000e-030	1.000000e-030	
1.000000e-030	1.000000e-030	1.000000e-030	1.911181e-001	3.244510e-001	1.270858e-001	1.000000e-030	1.000000e-030	1.000000e-030	1.000000e-030	1.000000e-030	6.518012e-002	1.000000e-030	1.000000e-030	1.000000e-030	1.000000e-030	1.000000e-030	1.000000e-030	1.000000e-030	1.000000e-030	2.921649e-001	1.000000e-030	1.000000e-030	1.000000e-030	1.000000e-030	1.000000e-030	1.000000e-030	1.000000e-030	1.000000e-030	1.000000e-030	1.000000e-030	1.000000e-030	
1.000000e-030	2.047588e-001	5.584331e-002	3.849182e-002	1.307150e-001	1.534739e-001	3.722888e-002	1.000000e-030	1.000000e-030	3.722888e-002	1.000000e-030	1.000000e-030	1.000000e-030	1.000000e-030	1.000000e-030	1.000000e-030	1.000000e-030	5.584331e-002	7.445775e-002	1.000000e-030	6.304280e-002	9.307219e-002	1.861444e-002	1.000000e-030	1.000000e-030	1.000000e-030	1.000000e-030	1.000000e-030	3.722888e-002	1.000000e-030	1.000000e-030	1.000000e-030	
