8.233262e-001	1.766738e-001	0.000000e+000	0.000000e+000	0.000000e+000	
0.000000e+000	8.929319e-001	1.070681e-001	0.000000e+000	0.000000e+000	
0.000000e+000	0.000000e+000	7.951576e-001	2.048424e-001	0.000000e+000	
0.000000e+000	0.000000e+000	0.000000e+000	9.520344e-001	4.796558e-002	
0.000000e+000	0.000000e+000	0.000000e+000	0.000000e+000	1.000000e+000	
1.000000e-030	3.533475e-001	1.000000e-030	1.000000e-030	1.000000e-030	6.981293e-004	1.000000e-030	1.000000e-030	1.000000e-030	2.926068e-001	1.000000e-030	1.000000e-030	1.000000e-030	1.000000e-030	1.000000e-030	1.000000e-030	1.000000e-030	1.000000e-030	1.000000e-030	1.000000e-030	1.766738e-001	1.766738e-001	1.000000e-030	1.000000e-030	1.000000e-030	1.000000e-030	1.000000e-030	1.000000e-030	1.000000e-030	1.000000e-030	1.000000e-030	1.000000e-030	
1.000000e-030	1.000000e-030	1.000000e-030	5.353405e-001	1.000000e-030	3.207812e-001	1.000000e-030	1.000000e-030	1.000000e-030	1.438783e-001	1.000000e-030	1.000000e-030	1.399300e-018	1.000000e-030	1.000000e-030	1.000000e-030	1.000000e-030	1.000000e-030	1.000000e-030	1.000000e-030	1.000000e-030	2.093334e-013	1.000000e-030	1.000000e-030	1.000000e-030	1.000000e-030	1.000000e-030	1.000000e-030	1.000000e-030	1.000000e-030	1.000000e-030	1.000000e-030	
1.000000e-030	2.048424e-001	1.000000e-030	2.828253e-008	2.048424e-001	1.000000e-030	1.000000e-030	1.000000e-030	1.000000e-030	6.565196e-008	1.000000e-030	1.000000e-030	5.903151e-001	1.000000e-030	1.000000e-030	1.000000e-030	1.000000e-030	1.000000e-030	1.000000e-030	1.000000e-030	1.000000e-030	1.000000e-030	1.000000e-030	1.000000e-030	1.000000e-030	1.000000e-030	1.000000e-030	1.000000e-030	1.000000e-030	1.000000e-030	1.000000e-030	1.000000e-030	
1.000000e-030	1.438967e-001	1.000000e-030	9.593116e-002	1.000000e-030	9.593116e-002	1.000000e-030	1.000000e-030	1.000000e-030	2.864847e-001	1.000000e-030	4.796558e-002	5.363502e-002	1.000000e-030	1.000000e-030	1.000000e-030	1.000000e-030	1.826360e-005	1.000000e-030	1.000000e-030	1.322407e-001	1.438967e-001	1.000000e-030	1.000000e-030	1.000000e-030	1.000000e-030	1.000000e-030	1.000000e-030	1.000000e-030	1.000000e-030	1.000000e-030	1.000000e-030	
5.148455e-002	1.000000e-030	8.580758e-002	1.716152e-002	1.000000e-030	5.148455e-002	1.544536e-001	1.029691e-001	1.000000e-030	2.750525e-001	1.000000e-030	1.000000e-030	1.716152e-002	1.000000e-030	1.000000e-030	3.432303e-002	1.000000e-030	1.715498e-002	1.000000e-030	1.716152e-002	2.133192e-002	1.372921e-001	1.000000e-030	1.000000e-030	1.000000e-030	1.000000e-030	1.000000e-030	1.000000e-030	1.716152e-002	1.000000e-030	1.000000e-030	1.000000e-030	
