8.516298e-001	1.483702e-001	0.000000e+000	0.000000e+000	0.000000e+000	
0.000000e+000	8.226518e-001	1.773482e-001	0.000000e+000	0.000000e+000	
0.000000e+000	0.000000e+000	9.104460e-001	8.955402e-002	0.000000e+000	
0.000000e+000	0.000000e+000	0.000000e+000	9.175716e-001	8.242836e-002	
0.000000e+000	0.000000e+000	0.000000e+000	0.000000e+000	1.000000e+000	
1.000000e-030	1.000000e-030	1.000000e-030	1.000000e-030	1.000000e-030	1.000000e-030	1.000000e-030	1.000000e-030	1.000000e-030	1.000000e-030	1.000000e-030	1.000000e-030	1.000000e-030	4.254431e-001	1.000000e-030	1.000000e-030	1.000000e-030	1.000000e-030	1.000000e-030	1.000000e-030	1.000000e-030	1.000000e-030	1.000000e-030	1.000000e-030	1.000000e-030	1.000000e-030	1.000000e-030	1.000000e-030	1.000000e-030	1.000000e-030	1.000000e-030	5.745569e-001	
1.000000e-030	1.000000e-030	1.000000e-030	1.000000e-030	1.000000e-030	1.000000e-030	1.000000e-030	1.000000e-030	1.000000e-030	1.000000e-030	1.000000e-030	1.000000e-030	1.000000e-030	4.686414e-001	1.000000e-030	3.277503e-001	1.000000e-030	1.000000e-030	1.000000e-030	1.000000e-030	1.000000e-030	1.000000e-030	1.000000e-030	1.773482e-001	1.000000e-030	1.000000e-030	1.000000e-030	1.000000e-030	1.000000e-030	1.000000e-030	1.000000e-030	2.626005e-002	
1.000000e-030	1.000000e-030	1.000000e-030	1.000000e-030	1.000000e-030	1.000000e-030	1.000000e-030	1.000000e-030	1.000000e-030	1.000000e-030	1.000000e-030	1.000000e-030	1.000000e-030	2.229952e-001	1.000000e-030	1.031607e-001	1.000000e-030	1.000000e-030	1.000000e-030	1.000000e-030	1.000000e-030	1.000000e-030	1.000000e-030	1.000000e-030	1.000000e-030	1.000000e-030	1.000000e-030	1.000000e-030	1.000000e-030	1.000000e-030	1.000000e-030	6.738441e-001	
1.000000e-030	1.000000e-030	1.000000e-030	1.000000e-030	1.000000e-030	1.000000e-030	1.000000e-030	1.000000e-030	1.000000e-030	1.000000e-030	1.000000e-030	1.000000e-030	1.000000e-030	1.000000e-030	1.000000e-030	6.001469e-002	1.000000e-030	1.000000e-030	1.000000e-030	1.000000e-030	1.000000e-030	1.000000e-030	1.000000e-030	2.950178e-001	1.000000e-030	1.000000e-030	1.000000e-030	1.000000e-030	1.000000e-030	1.000000e-030	1.000000e-030	6.449675e-001	
1.579198e-002	1.579198e-002	7.895989e-002	1.000000e-030	1.000000e-030	1.579198e-002	7.895989e-002	1.579198e-002	1.000000e-030	1.000000e-030	3.158396e-002	1.000000e-030	1.000000e-030	9.475188e-002	1.000000e-030	1.148380e-001	1.000000e-030	1.579198e-002	1.579198e-002	1.000000e-030	1.000000e-030	1.000000e-030	1.000000e-030	1.329830e-001	1.000000e-030	9.475187e-002	1.000000e-030	3.158396e-002	1.000000e-030	4.737594e-002	1.000000e-030	1.994598e-001	
