8.000000e-001	2.000000e-001	0.000000e+000	0.000000e+000	0.000000e+000	
0.000000e+000	8.776339e-001	1.223661e-001	0.000000e+000	0.000000e+000	
0.000000e+000	0.000000e+000	7.761233e-001	2.238767e-001	0.000000e+000	
0.000000e+000	0.000000e+000	0.000000e+000	9.007619e-001	9.923807e-002	
0.000000e+000	0.000000e+000	0.000000e+000	0.000000e+000	1.000000e+000	
1.000000e-030	1.000000e-030	1.000000e-030	1.000000e-030	1.000000e-030	1.000000e-030	1.000000e-030	1.000000e-030	1.000000e-030	1.000000e-030	1.000000e-030	1.000000e-030	1.000000e-030	8.000000e-001	1.000000e-030	1.000000e-030	1.000000e-030	1.000000e-030	1.000000e-030	2.000000e-001	1.000000e-030	1.000000e-030	1.000000e-030	1.000000e-030	1.000000e-030	1.000000e-030	1.000000e-030	1.000000e-030	1.000000e-030	1.000000e-030	1.000000e-030	1.000000e-030	
1.000000e-030	1.000000e-030	1.000000e-030	1.000000e-030	1.000000e-030	1.000000e-030	1.000000e-030	1.000000e-030	1.000000e-030	1.000000e-030	1.000000e-030	1.000000e-030	1.000000e-030	1.000000e-030	1.000000e-030	3.147870e-001	1.000000e-030	1.000000e-030	1.000000e-030	1.000000e-030	1.000000e-030	1.000000e-030	1.000000e-030	1.223661e-001	1.000000e-030	4.404808e-001	1.000000e-030	1.000000e-030	1.000000e-030	1.000000e-030	1.000000e-030	1.223661e-001	
1.000000e-030	1.000000e-030	1.000000e-030	1.000000e-030	1.000000e-030	1.000000e-030	1.000000e-030	1.000000e-030	1.000000e-030	1.000000e-030	1.000000e-030	1.000000e-030	1.000000e-030	4.833595e-001	1.000000e-030	8.993642e-002	1.000000e-030	1.000000e-030	1.000000e-030	1.000000e-030	1.000000e-030	1.000000e-030	1.000000e-030	1.000000e-030	1.000000e-030	4.267041e-001	1.000000e-030	1.000000e-030	1.000000e-030	1.000000e-030	1.000000e-030	1.000000e-030	
1.000000e-030	1.000000e-030	1.000000e-030	1.000000e-030	1.000000e-030	1.000000e-030	1.000000e-030	9.923035e-002	1.000000e-030	1.000000e-030	1.000000e-030	1.000000e-030	1.000000e-030	4.524735e-001	1.000000e-030	1.015829e-001	1.000000e-030	7.002310e-015	1.000000e-030	1.000000e-030	1.000000e-030	1.000000e-030	1.000000e-030	1.000000e-030	1.000000e-030	1.482371e-001	1.000000e-030	1.000000e-030	1.000000e-030	1.984761e-001	1.000000e-030	1.000000e-030	
9.819837e-002	3.366801e-001	1.000000e-030	1.402834e-002	1.000000e-030	4.208501e-002	5.611335e-002	1.402943e-002	1.000000e-030	7.014169e-002	1.000000e-030	1.000000e-030	1.402834e-002	8.811875e-002	1.000000e-030	8.420015e-002	2.805668e-002	8.417003e-002	1.000000e-030	1.000000e-030	1.000000e-030	1.402834e-002	1.000000e-030	1.000000e-030	1.000000e-030	4.209306e-002	1.000000e-030	1.000000e-030	1.402834e-002	1.000000e-030	1.000000e-030	1.000000e-030	
