8.333333e-001	1.666667e-001	0.000000e+000	0.000000e+000	0.000000e+000	
0.000000e+000	8.000000e-001	2.000000e-001	0.000000e+000	0.000000e+000	
0.000000e+000	0.000000e+000	8.333333e-001	1.666667e-001	0.000000e+000	
0.000000e+000	0.000000e+000	0.000000e+000	9.068638e-001	9.313621e-002	
0.000000e+000	0.000000e+000	0.000000e+000	0.000000e+000	1.000000e+000	
1.000000e-030	1.000000e-030	1.000000e-030	1.000000e-030	1.000000e-030	5.000000e-001	1.000000e-030	1.000000e-030	1.000000e-030	1.000000e-030	1.000000e-030	1.000000e-030	1.666667e-001	1.000000e-030	1.000000e-030	1.000000e-030	1.000000e-030	1.000000e-030	1.000000e-030	1.000000e-030	1.666667e-001	1.666667e-001	1.000000e-030	1.000000e-030	1.000000e-030	1.000000e-030	1.000000e-030	1.000000e-030	1.000000e-030	1.000000e-030	1.000000e-030	1.000000e-030	
1.000000e-030	1.000000e-030	1.000000e-030	1.000000e-030	1.000000e-030	1.000000e-030	1.000000e-030	1.000000e-030	1.000000e-030	1.000000e-030	1.000000e-030	1.000000e-030	1.000000e-030	2.000000e-001	1.000000e-030	1.000000e-030	1.000000e-030	2.000000e-001	1.000000e-030	1.000000e-030	2.000000e-001	2.000000e-001	1.000000e-030	1.000000e-030	1.000000e-030	2.000000e-001	1.000000e-030	1.000000e-030	1.000000e-030	1.000000e-030	1.000000e-030	1.000000e-030	
1.000000e-030	1.000000e-030	1.000000e-030	1.000000e-030	1.000000e-030	1.000000e-030	1.000000e-030	3.333333e-001	5.000000e-001	1.000000e-030	1.666667e-001	1.000000e-030	1.000000e-030	1.000000e-030	1.000000e-030	1.000000e-030	1.000000e-030	1.000000e-030	1.000000e-030	1.000000e-030	1.000000e-030	1.000000e-030	1.000000e-030	1.000000e-030	1.000000e-030	1.000000e-030	1.000000e-030	1.000000e-030	1.000000e-030	1.000000e-030	1.000000e-030	1.000000e-030	
1.000000e-030	9.312805e-002	1.862724e-001	1.000000e-030	1.000000e-030	1.000000e-030	1.000000e-030	3.499493e-001	1.000000e-030	1.000000e-030	1.000000e-030	9.313505e-002	5.579772e-014	1.000000e-030	1.000000e-030	1.000000e-030	1.000000e-030	1.000000e-030	1.000000e-030	9.286135e-002	1.000000e-030	9.151761e-002	1.000000e-030	1.000000e-030	1.000000e-030	1.000000e-030	1.000000e-030	9.313621e-002	1.000000e-030	1.000000e-030	1.000000e-030	1.000000e-030	
1.122602e-001	1.403375e-002	1.000000e-030	4.209756e-002	1.403252e-002	1.262927e-001	8.419512e-002	5.953447e-002	2.806504e-002	5.613008e-002	1.000000e-030	1.403270e-002	7.016260e-002	4.209756e-002	1.000000e-030	1.000000e-030	1.403252e-002	1.824228e-001	1.000000e-030	1.407393e-002	5.613008e-002	4.234143e-002	1.000000e-030	1.000000e-030	1.000000e-030	1.403252e-002	1.000000e-030	1.000000e-030	1.403252e-002	1.000000e-030	1.000000e-030	1.000000e-030	
