0.000000e+000	1.000000e+000	0.000000e+000	0.000000e+000	0.000000e+000	
0.000000e+000	8.820249e-001	1.179751e-001	0.000000e+000	0.000000e+000	
0.000000e+000	0.000000e+000	9.495303e-001	5.046967e-002	0.000000e+000	
0.000000e+000	0.000000e+000	0.000000e+000	9.019903e-001	9.800968e-002	
0.000000e+000	0.000000e+000	0.000000e+000	0.000000e+000	1.000000e+000	
1.000000e-030	1.000000e-030	1.000000e-030	1.000000e-030	1.000000e-030	1.000000e-030	1.000000e-030	1.000000e-030	1.000000e-030	1.000000e-030	1.000000e-030	1.000000e-030	1.000000e-030	1.000000e-030	1.000000e-030	1.000000e-030	1.000000e-030	1.000000e-030	1.000000e-030	1.000000e-030	1.000000e-030	1.000000e+000	1.000000e-030	1.000000e-030	1.000000e-030	1.000000e-030	1.000000e-030	1.000000e-030	1.000000e-030	1.000000e-030	1.000000e-030	1.000000e-030	
1.000000e-030	1.000000e-030	1.000000e-030	1.000000e-030	1.000000e-030	1.000000e-030	1.000000e-030	1.877899e-023	1.000000e-030	1.000000e-030	1.000000e-030	1.179751e-001	1.000000e-030	1.741740e-001	1.000000e-030	1.000000e-030	1.000000e-030	1.000000e-030	1.000000e-030	4.719006e-001	1.000000e-030	1.000000e-030	1.000000e-030	1.000000e-030	1.000000e-030	2.359503e-001	1.000000e-030	1.000000e-030	1.000000e-030	1.000000e-030	1.000000e-030	1.000000e-030	
1.000000e-030	1.000000e-030	1.000000e-030	5.046967e-002	1.000000e-030	1.000000e-030	1.000000e-030	4.542264e-001	1.000000e-030	1.000000e-030	1.000000e-030	1.000000e-030	1.000000e-030	1.778369e-001	1.000000e-030	1.009393e-001	1.000000e-030	1.000000e-030	1.000000e-030	3.058093e-025	1.000000e-030	1.000000e-030	1.000000e-030	5.046967e-002	1.000000e-030	6.511871e-002	1.000000e-030	1.009393e-001	1.000000e-030	1.000000e-030	1.000000e-030	1.000000e-030	
1.000000e-030	1.000000e-030	1.000000e-030	1.000000e-030	1.000000e-030	1.000000e-030	1.000000e-030	1.081104e-006	1.000000e-030	1.000000e-030	1.000000e-030	1.000000e-030	1.000000e-030	6.364079e-001	1.000000e-030	1.000000e-030	1.000000e-030	1.000000e-030	1.000000e-030	1.000000e-030	9.800968e-002	1.929915e-012	1.000000e-030	9.800968e-002	1.000000e-030	1.675716e-001	1.000000e-030	1.000000e-030	1.000000e-030	1.000000e-030	1.000000e-030	1.000000e-030	
1.344387e-001	3.360967e-002	1.000000e-030	1.680484e-002	1.000000e-030	1.680484e-002	1.008290e-001	1.176338e-001	1.000000e-030	1.000000e-030	1.000000e-030	1.000000e-030	3.360967e-002	1.933679e-001	1.000000e-030	1.176338e-001	1.000000e-030	1.176338e-001	1.000000e-030	1.000000e-030	1.000000e-030	3.360967e-002	1.000000e-030	1.000000e-030	1.000000e-030	5.041451e-002	1.000000e-030	1.680484e-002	1.000000e-030	1.680484e-002	1.000000e-030	1.000000e-030	
