3.990421e-001	6.009579e-001	0.000000e+000	0.000000e+000	0.000000e+000	
0.000000e+000	9.330532e-001	6.694683e-002	0.000000e+000	0.000000e+000	
0.000000e+000	0.000000e+000	8.669884e-001	1.330116e-001	0.000000e+000	
0.000000e+000	0.000000e+000	0.000000e+000	9.076456e-001	9.235442e-002	
0.000000e+000	0.000000e+000	0.000000e+000	0.000000e+000	1.000000e+000	
1.000000e-030	1.000000e-030	1.000000e-030	1.000000e-030	1.000000e-030	1.000000e-030	1.000000e-030	1.324758e-003	1.000000e-030	1.000000e-030	1.000000e-030	1.000000e-030	1.000000e-030	6.009579e-001	1.000000e-030	3.977173e-001	1.000000e-030	1.000000e-030	1.000000e-030	1.000000e-030	1.000000e-030	5.027227e-010	1.000000e-030	1.000000e-030	1.000000e-030	1.000000e-030	1.000000e-030	1.000000e-030	1.000000e-030	1.000000e-030	1.000000e-030	1.000000e-030	
1.000000e-030	1.000000e-030	1.000000e-030	6.694683e-002	1.000000e-030	1.000000e-030	1.000000e-030	5.021829e-001	1.000000e-030	1.000000e-030	1.000000e-030	1.000000e-030	1.000000e-030	7.342805e-002	1.000000e-030	8.960916e-002	1.000000e-030	1.000000e-030	1.000000e-030	1.000000e-030	1.000000e-030	2.008864e-001	1.000000e-030	6.694671e-002	1.000000e-030	1.000000e-030	1.000000e-030	1.000000e-030	1.000000e-030	1.000000e-030	1.000000e-030	1.000000e-030	
1.000000e-030	1.000000e-030	1.000000e-030	9.403528e-025	1.000000e-030	1.000000e-030	1.000000e-030	2.093179e-001	1.000000e-030	1.000000e-030	1.000000e-030	1.000000e-030	1.000000e-030	6.380824e-001	1.000000e-030	1.977071e-002	1.000000e-030	1.000000e-030	1.000000e-030	1.000000e-030	1.000000e-030	1.328288e-001	1.000000e-030	2.331203e-007	1.000000e-030	1.000000e-030	1.000000e-030	1.000000e-030	1.000000e-030	1.000000e-030	1.000000e-030	1.000000e-030	
1.000000e-030	1.000000e-030	1.000000e-030	2.768335e-007	1.000000e-030	1.000000e-030	1.000000e-030	1.775873e-001	1.000000e-030	1.000000e-030	1.000000e-030	1.000000e-030	1.000000e-030	1.021432e-001	1.000000e-030	2.633061e-001	1.000000e-030	3.645457e-001	1.000000e-030	1.000000e-030	1.000000e-030	6.361967e-005	1.000000e-030	1.000000e-030	1.000000e-030	1.000000e-030	1.000000e-030	1.000000e-030	1.000000e-030	1.000000e-030	1.000000e-030	9.235369e-002	
1.248970e-001	1.000000e-030	1.000000e-030	1.561208e-002	1.000000e-030	1.000000e-030	6.244851e-002	3.122431e-002	1.561213e-002	1.000000e-030	1.000000e-030	1.000000e-030	1.000000e-030	3.434669e-001	1.000000e-030	1.092849e-001	1.000000e-030	1.643571e-002	1.000000e-030	1.561213e-002	1.000000e-030	3.122426e-002	1.000000e-030	1.092849e-001	1.000000e-030	4.683638e-002	1.000000e-030	1.561213e-002	1.000000e-030	1.000000e-030	1.000000e-030	6.244864e-002	
