7.318601e-001	2.681399e-001	0.000000e+000	0.000000e+000	0.000000e+000	
0.000000e+000	9.275298e-001	7.247017e-002	0.000000e+000	0.000000e+000	
0.000000e+000	0.000000e+000	9.223870e-001	7.761297e-002	0.000000e+000	
0.000000e+000	0.000000e+000	0.000000e+000	9.185258e-001	8.147417e-002	
0.000000e+000	0.000000e+000	0.000000e+000	0.000000e+000	1.000000e+000	
1.000000e-030	1.000000e-030	1.000000e-030	1.000000e-030	1.000000e-030	1.000000e-030	1.000000e-030	4.637202e-001	1.000000e-030	1.000000e-030	1.000000e-030	1.000000e-030	1.000000e-030	2.681399e-001	1.000000e-030	1.000000e-030	1.000000e-030	1.000000e-030	1.000000e-030	1.000000e-030	1.000000e-030	1.000000e-030	1.000000e-030	2.681399e-001	1.000000e-030	1.000000e-030	1.000000e-030	1.000000e-030	1.000000e-030	1.000000e-030	1.000000e-030	1.000000e-030	
1.000000e-030	1.000000e-030	1.000000e-030	1.000000e-030	1.000000e-030	1.000000e-030	1.000000e-030	1.357457e-001	1.000000e-030	1.000000e-030	1.000000e-030	1.000000e-030	1.000000e-030	2.032543e-001	1.000000e-030	5.885298e-001	1.000000e-030	1.000000e-030	1.000000e-030	1.000000e-030	1.000000e-030	1.000000e-030	1.000000e-030	1.532305e-019	1.000000e-030	7.247017e-002	1.000000e-030	1.000000e-030	1.000000e-030	1.000000e-030	1.000000e-030	1.000000e-030	
1.000000e-030	1.000000e-030	1.000000e-030	1.000000e-030	1.000000e-030	1.000000e-030	1.000000e-030	1.193454e-001	1.000000e-030	1.000000e-030	1.000000e-030	7.761297e-002	1.000000e-030	1.809961e-001	1.000000e-030	3.892066e-001	1.000000e-030	1.000000e-030	1.000000e-030	1.552259e-001	1.000000e-030	1.000000e-030	1.000000e-030	7.761297e-002	1.000000e-030	1.000000e-030	1.000000e-030	1.000000e-030	1.000000e-030	1.000000e-030	1.000000e-030	1.000000e-030	
1.000000e-030	1.000000e-030	1.000000e-030	1.000000e-030	1.000000e-030	1.000000e-030	1.000000e-030	3.117591e-001	1.000000e-030	1.000000e-030	1.000000e-030	1.000000e-030	1.000000e-030	2.289236e-001	1.000000e-030	4.593173e-001	1.000000e-030	1.000000e-030	1.000000e-030	1.000000e-030	1.000000e-030	1.000000e-030	1.000000e-030	1.000000e-030	1.000000e-030	1.000000e-030	1.000000e-030	1.000000e-030	1.000000e-030	1.000000e-030	1.000000e-030	1.000000e-030	
1.420617e-001	1.775772e-002	1.000000e-030	1.000000e-030	1.000000e-030	1.775772e-002	8.878858e-002	1.426531e-001	1.000000e-030	1.775772e-002	1.000000e-030	1.775772e-002	1.775772e-002	3.646610e-002	1.775772e-002	9.281448e-002	1.000000e-030	1.953349e-001	1.000000e-030	3.551543e-002	1.000000e-030	1.000000e-030	1.000000e-030	7.103086e-002	1.000000e-030	1.000000e-030	1.000000e-030	5.327315e-002	1.000000e-030	3.551543e-002	1.000000e-030	1.000000e-030	
