2.090896e-004	9.997909e-001	0.000000e+000	0.000000e+000	0.000000e+000	
0.000000e+000	9.004780e-001	9.952201e-002	0.000000e+000	0.000000e+000	
0.000000e+000	0.000000e+000	9.227907e-001	7.720927e-002	0.000000e+000	
0.000000e+000	0.000000e+000	0.000000e+000	8.590371e-001	1.409629e-001	
0.000000e+000	0.000000e+000	0.000000e+000	0.000000e+000	1.000000e+000	
1.000000e-030	1.000000e-030	1.000000e-030	1.000000e-030	1.000000e-030	1.000000e-030	1.000000e-030	2.474247e-009	1.000000e-030	1.000000e-030	1.000000e-030	1.000000e-030	1.000000e-030	1.000000e-030	1.000000e-030	2.090871e-004	1.000000e-030	1.000000e-030	1.000000e-030	1.000000e-030	1.000000e-030	1.000000e-030	1.000000e-030	9.997909e-001	1.000000e-030	1.000000e-030	1.000000e-030	1.000000e-030	1.000000e-030	1.000000e-030	1.000000e-030	1.000000e-030	
1.000000e-030	1.000000e-030	1.000000e-030	1.000000e-030	1.000000e-030	1.000000e-030	1.000000e-030	1.246816e-001	1.000000e-030	1.000000e-030	1.000000e-030	1.000000e-030	1.000000e-030	9.952080e-002	1.000000e-030	6.907166e-001	1.000000e-030	1.000000e-030	1.000000e-030	1.000000e-030	1.000000e-030	1.000000e-030	1.000000e-030	4.035007e-007	1.000000e-030	1.000000e-030	1.000000e-030	1.000000e-030	1.000000e-030	8.508057e-002	1.000000e-030	1.000000e-030	
1.000000e-030	1.000000e-030	1.000000e-030	1.000000e-030	1.000000e-030	1.000000e-030	1.000000e-030	2.893182e-001	1.000000e-030	1.000000e-030	1.000000e-030	1.000000e-030	1.000000e-030	3.400820e-006	1.000000e-030	4.678457e-001	1.000000e-030	1.000000e-030	1.000000e-030	1.000000e-030	1.000000e-030	1.000000e-030	1.000000e-030	2.316291e-001	1.000000e-030	1.000000e-030	1.000000e-030	1.000000e-030	1.000000e-030	1.120369e-002	1.000000e-030	1.000000e-030	
1.000000e-030	1.000000e-030	1.000000e-030	1.000000e-030	1.000000e-030	1.000000e-030	1.000000e-030	1.000000e-030	1.000000e-030	1.000000e-030	1.000000e-030	1.000000e-030	1.000000e-030	5.638472e-001	1.000000e-030	1.660542e-007	1.000000e-030	1.326675e-002	1.000000e-030	1.000000e-030	1.000000e-030	1.000000e-030	1.000000e-030	1.409601e-001	1.000000e-030	1.409629e-001	1.000000e-030	1.000000e-030	1.000000e-030	1.409629e-001	1.000000e-030	1.000000e-030	
1.030838e-001	1.472626e-002	1.000000e-030	1.472626e-002	1.000000e-030	1.000000e-030	4.417879e-002	1.178101e-001	1.000000e-030	1.000000e-030	4.417879e-002	1.000000e-030	1.000000e-030	2.208940e-001	1.000000e-030	1.619889e-001	2.945253e-002	7.224536e-002	1.000000e-030	1.472626e-002	1.472626e-002	1.000000e-030	1.000000e-030	8.835759e-002	1.000000e-030	1.254664e-010	1.000000e-030	2.945253e-002	1.000000e-030	1.472626e-002	1.000000e-030	1.472626e-002	
