8.986764e-001	1.013236e-001	0.000000e+000	0.000000e+000	0.000000e+000	
0.000000e+000	8.946035e-001	1.053965e-001	0.000000e+000	0.000000e+000	
0.000000e+000	0.000000e+000	6.015354e-001	3.984646e-001	0.000000e+000	
0.000000e+000	0.000000e+000	0.000000e+000	8.633407e-001	1.366593e-001	
0.000000e+000	0.000000e+000	0.000000e+000	0.000000e+000	1.000000e+000	
1.000000e-030	1.000000e-030	1.000000e-030	1.000000e-030	1.000000e-030	1.000000e-030	1.000000e-030	3.185237e-020	1.000000e-030	1.000000e-030	1.000000e-030	1.000000e-030	1.000000e-030	1.000000e-030	1.000000e-030	1.000000e-030	1.000000e-030	1.000000e-030	1.000000e-030	7.755892e-001	1.000000e-030	2.244108e-001	1.000000e-030	1.000000e-030	1.000000e-030	1.000000e-030	1.000000e-030	1.000000e-030	1.000000e-030	1.000000e-030	1.000000e-030	1.000000e-030	
1.000000e-030	1.000000e-030	1.000000e-030	1.000000e-030	1.000000e-030	1.000000e-030	1.000000e-030	1.328023e-006	1.000000e-030	1.000000e-030	1.000000e-030	1.000000e-030	1.000000e-030	1.000000e-030	1.000000e-030	1.000000e-030	1.000000e-030	1.000000e-030	1.000000e-030	7.069594e-001	1.000000e-030	2.930393e-001	1.000000e-030	1.000000e-030	1.000000e-030	1.000000e-030	1.000000e-030	1.000000e-030	1.000000e-030	1.000000e-030	1.000000e-030	1.000000e-030	
1.000000e-030	1.000000e-030	1.000000e-030	1.000000e-030	1.000000e-030	1.000000e-030	1.000000e-030	3.752214e-001	1.000000e-030	2.851196e-007	1.000000e-030	8.657240e-002	1.000000e-030	1.000000e-030	1.000000e-030	1.000000e-030	1.000000e-030	1.000000e-030	1.000000e-030	5.367271e-001	1.000000e-030	1.478773e-003	1.000000e-030	1.000000e-030	1.000000e-030	1.000000e-030	1.000000e-030	1.000000e-030	1.000000e-030	1.000000e-030	1.000000e-030	1.000000e-030	
1.000000e-030	7.737632e-004	1.000000e-030	1.000000e-030	1.000000e-030	1.092905e-001	1.000000e-030	1.325988e-001	1.000000e-030	3.495204e-001	1.000000e-030	1.069680e-001	1.000000e-030	1.000000e-030	1.000000e-030	1.000000e-030	1.000000e-030	1.000000e-030	1.000000e-030	1.720530e-001	1.000000e-030	1.287954e-001	1.000000e-030	1.000000e-030	1.000000e-030	1.000000e-030	1.000000e-030	1.000000e-030	1.000000e-030	1.000000e-030	1.000000e-030	1.000000e-030	
1.289111e-001	1.001831e-001	1.000000e-030	5.729383e-002	1.432346e-002	4.583893e-002	4.297037e-002	2.990783e-002	1.000000e-030	1.209243e-001	1.000000e-030	7.429769e-025	8.594074e-002	1.000000e-030	1.000000e-030	1.000000e-030	1.432346e-002	4.297037e-002	1.000000e-030	1.150435e-001	4.297037e-002	1.011048e-001	1.000000e-030	1.000000e-030	1.000000e-030	2.864691e-002	1.000000e-030	2.864691e-002	1.000000e-030	1.000000e-030	1.000000e-030	1.000000e-030	
