0.000000e+000	1.000000e+000	0.000000e+000	0.000000e+000	0.000000e+000	
0.000000e+000	9.244288e-001	7.557121e-002	0.000000e+000	0.000000e+000	
0.000000e+000	0.000000e+000	8.367200e-001	1.632800e-001	0.000000e+000	
0.000000e+000	0.000000e+000	0.000000e+000	9.433203e-001	5.667970e-002	
0.000000e+000	0.000000e+000	0.000000e+000	0.000000e+000	1.000000e+000	
1.000000e-030	1.000000e-030	1.000000e-030	1.000000e-030	1.000000e-030	1.000000e-030	1.000000e-030	1.000000e-030	1.000000e-030	1.000000e-030	1.000000e-030	1.000000e+000	1.000000e-030	1.000000e-030	1.000000e-030	1.000000e-030	1.000000e-030	1.000000e-030	1.000000e-030	1.000000e-030	1.000000e-030	1.000000e-030	1.000000e-030	1.000000e-030	1.000000e-030	1.000000e-030	1.000000e-030	1.000000e-030	1.000000e-030	1.000000e-030	1.000000e-030	1.000000e-030	
1.000000e-030	1.000000e-030	1.000000e-030	1.000000e-030	1.000000e-030	1.000000e-030	1.000000e-030	3.778561e-001	1.000000e-030	1.000000e-030	1.000000e-030	1.000000e-030	1.000000e-030	7.557121e-002	1.000000e-030	1.687167e-001	1.000000e-030	1.000000e-030	1.000000e-030	1.000000e-030	7.557121e-002	3.022849e-001	1.000000e-030	1.000000e-030	1.000000e-030	1.000000e-030	1.000000e-030	1.000000e-030	1.000000e-030	1.000000e-030	1.000000e-030	1.000000e-030	
1.000000e-030	1.000000e-030	1.000000e-030	1.000000e-030	1.000000e-030	1.000000e-030	1.000000e-030	4.418594e-025	1.000000e-030	1.000000e-030	1.000000e-030	1.632800e-001	1.000000e-030	5.829092e-002	1.000000e-030	6.151490e-001	1.000000e-030	1.000000e-030	1.000000e-030	1.000000e-030	1.000000e-030	1.000000e-030	1.000000e-030	1.000000e-030	1.000000e-030	1.000000e-030	1.000000e-030	1.000000e-030	1.632800e-001	1.000000e-030	1.000000e-030	1.000000e-030	
1.000000e-030	1.000000e-030	1.000000e-030	1.000000e-030	1.000000e-030	1.133594e-001	1.000000e-030	1.700391e-001	1.000000e-030	1.000000e-030	1.000000e-030	5.667970e-002	5.667970e-002	9.312477e-002	1.000000e-030	1.000000e-030	3.967579e-001	1.133594e-001	1.000000e-030	1.000000e-030	1.000000e-030	1.000000e-030	1.000000e-030	1.000000e-030	1.000000e-030	1.000000e-030	1.000000e-030	1.000000e-030	1.000000e-030	1.000000e-030	1.000000e-030	1.000000e-030	
1.000000e-030	1.000000e-030	1.000000e-030	1.000000e-030	1.000000e-030	1.000000e-030	8.196721e-002	3.278689e-001	1.000000e-030	3.278689e-002	1.000000e-030	1.639344e-002	6.557377e-002	9.836066e-002	1.639344e-002	4.918033e-002	1.000000e-030	1.639344e-002	1.000000e-030	4.918033e-002	1.639344e-002	1.967213e-001	1.000000e-030	3.278689e-002	1.000000e-030	1.000000e-030	1.000000e-030	1.000000e-030	1.000000e-030	1.000000e-030	1.000000e-030	1.000000e-030	
