5.000000e-001	5.000000e-001	0.000000e+000	0.000000e+000	0.000000e+000	
0.000000e+000	8.590644e-001	1.409356e-001	0.000000e+000	0.000000e+000	
0.000000e+000	0.000000e+000	9.360196e-001	6.398038e-002	0.000000e+000	
0.000000e+000	0.000000e+000	0.000000e+000	9.175761e-001	8.242392e-002	
0.000000e+000	0.000000e+000	0.000000e+000	0.000000e+000	1.000000e+000	
1.000000e-030	1.000000e-030	1.000000e-030	1.000000e-030	1.000000e-030	1.000000e-030	1.000000e-030	1.000000e-030	1.000000e-030	7.929070e-008	1.000000e-030	1.000000e-030	1.000000e-030	5.000000e-001	1.000000e-030	5.000000e-001	1.000000e-030	1.000000e-030	1.000000e-030	1.000000e-030	1.000000e-030	1.000000e-030	1.000000e-030	1.000000e-030	1.000000e-030	1.000000e-030	1.000000e-030	1.000000e-030	1.000000e-030	1.000000e-030	1.000000e-030	1.000000e-030	
1.000000e-030	1.000000e-030	1.000000e-030	1.000000e-030	1.000000e-030	8.546247e-009	1.000000e-030	1.000000e-030	1.000000e-030	7.104925e-001	1.000000e-030	1.000000e-030	8.982511e-002	1.000000e-030	1.000000e-030	3.408248e-009	1.000000e-030	1.000000e-030	1.000000e-030	1.000000e-030	1.000000e-030	1.996823e-001	1.000000e-030	1.000000e-030	1.000000e-030	1.000000e-030	1.000000e-030	1.000000e-030	1.000000e-030	1.000000e-030	1.000000e-030	1.000000e-030	
1.000000e-030	1.000000e-030	1.000000e-030	6.398038e-002	1.000000e-030	1.060139e-001	1.000000e-030	1.317577e-001	1.000000e-030	2.583177e-001	1.000000e-030	6.398038e-002	8.718295e-002	1.000000e-030	1.000000e-030	1.000000e-030	1.000000e-030	1.000000e-030	1.000000e-030	1.000000e-030	8.262921e-003	2.805041e-001	1.000000e-030	1.000000e-030	1.000000e-030	1.000000e-030	1.000000e-030	1.000000e-030	1.000000e-030	1.000000e-030	1.000000e-030	1.000000e-030	
1.000000e-030	2.386458e-001	1.000000e-030	1.910606e-006	1.000000e-030	2.827344e-002	1.000000e-030	7.752950e-002	1.000000e-030	1.583540e-001	1.000000e-030	1.000000e-030	8.420986e-017	1.000000e-030	1.000000e-030	1.000000e-030	1.000000e-030	1.000000e-030	1.000000e-030	8.241971e-002	2.335422e-001	1.812334e-001	1.000000e-030	1.000000e-030	1.000000e-030	1.000000e-030	1.000000e-030	1.000000e-030	1.000000e-030	1.000000e-030	1.000000e-030	1.000000e-030	
1.448287e-001	1.777617e-002	1.000000e-030	6.436795e-002	1.000000e-030	1.609209e-002	1.000000e-030	6.436890e-002	1.609208e-002	4.827747e-002	1.609208e-002	1.609208e-002	3.218416e-002	1.000000e-030	1.609208e-002	1.000000e-030	1.000000e-030	1.609208e-002	1.000000e-030	6.436914e-002	6.497056e-002	2.091995e-001	1.000000e-030	1.000000e-030	1.000000e-030	6.436832e-002	1.000000e-030	8.046040e-002	3.218416e-002	1.000000e-030	1.609208e-002	1.000000e-030	
