6.694830e-001	3.305170e-001	0.000000e+000	0.000000e+000	0.000000e+000	
0.000000e+000	7.943982e-001	2.056018e-001	0.000000e+000	0.000000e+000	
0.000000e+000	0.000000e+000	9.184607e-001	8.153925e-002	0.000000e+000	
0.000000e+000	0.000000e+000	0.000000e+000	9.028931e-001	9.710693e-002	
0.000000e+000	0.000000e+000	0.000000e+000	0.000000e+000	1.000000e+000	
1.000000e-030	1.000000e-030	1.000000e-030	1.000000e-030	1.000000e-030	1.000000e-030	1.000000e-030	3.305170e-001	1.000000e-030	1.000000e-030	1.000000e-030	3.295116e-001	1.000000e-030	2.136719e-011	1.000000e-030	3.305170e-001	1.000000e-030	1.000000e-030	1.000000e-030	1.000000e-030	1.000000e-030	1.000000e-030	1.000000e-030	9.454437e-003	1.000000e-030	1.000000e-030	1.000000e-030	1.000000e-030	1.000000e-030	1.000000e-030	1.000000e-030	1.000000e-030	
1.000000e-030	1.000000e-030	1.000000e-030	1.000000e-030	1.000000e-030	1.000000e-030	1.000000e-030	7.443128e-019	1.000000e-030	1.000000e-030	1.000000e-030	6.254099e-004	1.000000e-030	4.778159e-001	1.000000e-030	1.000000e-030	1.000000e-030	1.000000e-030	1.000000e-030	1.000000e-030	1.000000e-030	1.000000e-030	1.000000e-030	3.823153e-001	1.000000e-030	1.000000e-030	1.000000e-030	1.000000e-030	1.000000e-030	1.000000e-030	1.000000e-030	1.392434e-001	
1.000000e-030	1.000000e-030	1.000000e-030	1.000000e-030	1.000000e-030	1.000000e-030	1.000000e-030	1.331285e-008	1.000000e-030	1.000000e-030	1.000000e-030	1.000000e-030	1.000000e-030	8.830195e-001	1.000000e-030	1.000000e-030	1.000000e-030	1.000000e-030	1.000000e-030	1.000000e-030	1.000000e-030	1.000000e-030	1.000000e-030	9.066356e-002	1.000000e-030	1.000000e-030	1.000000e-030	1.000000e-030	1.000000e-030	1.000000e-030	1.000000e-030	2.631697e-002	
1.000000e-030	6.470567e-020	1.000000e-030	1.000000e-030	1.000000e-030	1.000000e-030	1.000000e-030	2.910694e-001	1.000000e-030	1.000000e-030	1.000000e-030	1.000000e-030	1.000000e-030	4.535548e-001	1.000000e-030	9.624619e-002	1.000000e-030	1.905859e-005	1.000000e-030	1.000000e-030	1.000000e-030	1.000000e-030	1.000000e-030	8.739584e-011	1.000000e-030	1.000000e-030	1.000000e-030	1.000000e-030	1.000000e-030	1.591106e-001	1.000000e-030	1.000000e-030	
1.021172e-001	2.917633e-002	1.000000e-030	1.000000e-030	1.000000e-030	2.917633e-002	5.835267e-002	1.459194e-001	1.000000e-030	1.458817e-002	1.000000e-030	1.000000e-030	1.000000e-030	1.338604e-001	1.000000e-030	1.751873e-001	1.000000e-030	1.167025e-001	1.458817e-002	1.000000e-030	1.000000e-030	1.000000e-030	1.000000e-030	1.021172e-001	1.000000e-030	1.000000e-030	1.000000e-030	1.458817e-002	1.000000e-030	4.903799e-002	1.000000e-030	1.458817e-002	
