8.333333e-001	1.666667e-001	0.000000e+000	0.000000e+000	0.000000e+000	
0.000000e+000	6.847433e-001	3.152567e-001	0.000000e+000	0.000000e+000	
0.000000e+000	0.000000e+000	9.276829e-001	7.231713e-002	0.000000e+000	
0.000000e+000	0.000000e+000	0.000000e+000	9.230769e-001	7.692308e-002	
0.000000e+000	0.000000e+000	0.000000e+000	0.000000e+000	1.000000e+000	
1.000000e-030	1.000000e-030	1.000000e-030	1.000000e-030	1.000000e-030	1.000000e-030	1.000000e-030	1.000000e-030	1.000000e-030	1.000000e-030	1.000000e-030	1.000000e-030	1.000000e-030	5.000000e-001	1.000000e-030	3.333333e-001	1.000000e-030	1.000000e-030	1.000000e-030	1.000000e-030	1.000000e-030	1.000000e-030	1.000000e-030	1.000000e-030	1.000000e-030	1.666667e-001	1.000000e-030	1.000000e-030	1.000000e-030	1.000000e-030	1.000000e-030	1.000000e-030	
1.000000e-030	1.000000e-030	1.000000e-030	1.000000e-030	1.000000e-030	1.000000e-030	1.000000e-030	7.563982e-001	1.000000e-030	2.436018e-001	1.000000e-030	1.000000e-030	1.000000e-030	1.000000e-030	1.000000e-030	1.000000e-030	1.000000e-030	1.000000e-030	1.000000e-030	1.000000e-030	1.000000e-030	1.000000e-030	1.000000e-030	1.000000e-030	1.000000e-030	1.000000e-030	1.000000e-030	1.000000e-030	1.000000e-030	1.000000e-030	1.000000e-030	1.000000e-030	
1.000000e-030	1.000000e-030	1.000000e-030	1.000000e-030	1.000000e-030	1.000000e-030	1.000000e-030	3.327088e-001	1.000000e-030	8.875414e-002	1.000000e-030	1.000000e-030	4.310833e-015	4.339028e-001	1.000000e-030	1.000000e-030	1.000000e-030	1.000000e-030	1.000000e-030	1.000000e-030	7.231713e-002	1.000000e-030	1.000000e-030	1.000000e-030	1.000000e-030	1.000000e-030	1.000000e-030	1.000000e-030	7.231713e-002	1.000000e-030	1.000000e-030	1.000000e-030	
1.000000e-030	2.307692e-001	1.000000e-030	1.000000e-030	1.000000e-030	1.000000e-030	1.000000e-030	1.000000e-030	1.000000e-030	1.000000e-030	1.000000e-030	1.000000e-030	7.692308e-002	1.000000e-030	1.000000e-030	2.307692e-001	2.307692e-001	1.000000e-030	1.000000e-030	1.000000e-030	7.692308e-002	7.692308e-002	1.000000e-030	1.000000e-030	1.000000e-030	1.000000e-030	1.000000e-030	1.000000e-030	7.692308e-002	1.000000e-030	1.000000e-030	1.000000e-030	
9.523810e-002	1.000000e-030	1.000000e-030	1.000000e-030	1.000000e-030	1.587302e-002	7.936508e-002	3.015873e-001	1.000000e-030	9.523810e-002	1.000000e-030	3.174603e-002	4.761905e-002	4.761905e-002	1.000000e-030	9.523810e-002	1.000000e-030	3.174603e-002	1.000000e-030	1.000000e-030	1.000000e-030	7.936508e-002	1.000000e-030	1.000000e-030	1.000000e-030	6.349206e-002	1.000000e-030	1.587302e-002	1.000000e-030	1.000000e-030	1.000000e-030	1.000000e-030	
