6.666667e-001	3.333333e-001	0.000000e+000	0.000000e+000	0.000000e+000	
0.000000e+000	8.650477e-001	1.349523e-001	0.000000e+000	0.000000e+000	
0.000000e+000	0.000000e+000	8.704530e-001	1.295470e-001	0.000000e+000	
0.000000e+000	0.000000e+000	0.000000e+000	9.555704e-001	4.442964e-002	
0.000000e+000	0.000000e+000	0.000000e+000	0.000000e+000	1.000000e+000	
1.000000e-030	3.333333e-001	1.000000e-030	1.000000e-030	1.000000e-030	3.091026e-014	1.000000e-030	1.000000e-030	1.000000e-030	1.000000e-030	1.000000e-030	1.000000e-030	1.000000e-030	1.000000e-030	1.000000e-030	1.000000e-030	1.000000e-030	3.333333e-001	1.000000e-030	1.000000e-030	1.000000e-030	3.333333e-001	1.000000e-030	1.000000e-030	1.000000e-030	1.000000e-030	1.000000e-030	1.000000e-030	1.000000e-030	1.000000e-030	1.000000e-030	1.000000e-030	
1.000000e-030	1.000000e-030	1.000000e-030	1.000000e-030	1.000000e-030	2.699046e-001	1.000000e-030	1.000000e-030	1.000000e-030	3.252385e-001	1.000000e-030	1.000000e-030	1.000000e-030	1.000000e-030	1.000000e-030	1.000000e-030	1.000000e-030	1.000000e-030	1.000000e-030	1.000000e-030	4.048569e-001	1.000000e-030	1.000000e-030	1.000000e-030	1.000000e-030	1.000000e-030	1.000000e-030	1.000000e-030	1.000000e-030	1.000000e-030	1.000000e-030	1.000000e-030	
1.000000e-030	1.000000e-030	1.000000e-030	1.357444e-001	1.000000e-030	1.054449e-002	1.000000e-030	1.295470e-001	1.000000e-030	4.650702e-001	1.000000e-030	1.000000e-030	1.000000e-030	1.000000e-030	1.000000e-030	1.000000e-030	1.000000e-030	1.000000e-030	1.000000e-030	1.295470e-001	1.000000e-030	1.295470e-001	1.000000e-030	1.000000e-030	1.000000e-030	1.000000e-030	1.000000e-030	1.000000e-030	1.000000e-030	1.000000e-030	1.000000e-030	1.000000e-030	
1.000000e-030	4.442962e-002	1.000000e-030	8.673379e-002	8.885463e-002	2.629473e-001	1.000000e-030	1.000000e-030	1.000000e-030	1.000000e-030	1.000000e-030	1.000000e-030	1.745648e-001	1.000000e-030	1.000000e-030	1.000000e-030	1.000000e-030	1.000000e-030	1.000000e-030	1.909300e-002	2.665773e-001	5.679958e-002	1.000000e-030	1.000000e-030	1.000000e-030	1.000000e-030	1.000000e-030	1.000000e-030	1.000000e-030	1.000000e-030	1.000000e-030	1.000000e-030	
1.199385e-001	1.713407e-002	1.713407e-002	6.853626e-002	3.426992e-002	6.854172e-002	6.853626e-002	3.426813e-002	1.713407e-002	8.567033e-002	1.000000e-030	3.426813e-002	1.835031e-002	1.000000e-030	3.426813e-002	1.713407e-002	1.000000e-030	1.370725e-001	1.000000e-030	6.117314e-002	6.853645e-002	2.949773e-002	1.713407e-002	1.000000e-030	1.000000e-030	1.000000e-030	1.000000e-030	1.000000e-030	1.000000e-030	1.000000e-030	5.140220e-002	1.000000e-030	
