8.484805e-001	1.515195e-001	0.000000e+000	0.000000e+000	0.000000e+000	
0.000000e+000	7.639413e-001	2.360587e-001	0.000000e+000	0.000000e+000	
0.000000e+000	0.000000e+000	8.522289e-001	1.477711e-001	0.000000e+000	
0.000000e+000	0.000000e+000	0.000000e+000	9.359421e-001	6.405794e-002	
0.000000e+000	0.000000e+000	0.000000e+000	0.000000e+000	1.000000e+000	
1.000000e-030	1.515195e-001	1.000000e-030	1.000000e-030	1.000000e-030	1.000000e-030	1.000000e-030	3.939219e-001	1.000000e-030	1.000000e-030	1.000000e-030	2.588437e-009	3.030390e-001	1.000000e-030	1.000000e-030	1.000000e-030	1.000000e-030	1.000000e-030	1.000000e-030	1.000000e-030	1.000000e-030	1.000000e-030	1.000000e-030	1.515195e-001	1.000000e-030	1.000000e-030	1.000000e-030	1.000000e-030	1.000000e-030	1.000000e-030	1.000000e-030	1.000000e-030	
1.000000e-030	1.000000e-030	1.000000e-030	2.360587e-001	1.000000e-030	1.000000e-030	1.000000e-030	2.918238e-001	1.000000e-030	1.000000e-030	1.000000e-030	2.360587e-001	7.931133e-010	1.000000e-030	1.000000e-030	7.128863e-012	1.000000e-030	1.000000e-030	1.000000e-030	1.000000e-030	1.000000e-030	1.000000e-030	1.000000e-030	1.000000e-030	1.000000e-030	1.000000e-030	1.000000e-030	1.000000e-030	2.360587e-001	1.000000e-030	1.000000e-030	1.000000e-030	
1.000000e-030	1.000000e-030	1.000000e-030	1.000000e-030	1.000000e-030	1.000000e-030	1.000000e-030	5.141778e-002	1.000000e-030	3.012964e-008	1.000000e-030	1.000000e-030	1.000000e-030	1.000000e-030	1.000000e-030	5.920644e-001	1.000000e-030	1.000000e-030	1.000000e-030	1.000000e-030	1.477711e-001	1.000000e-030	1.000000e-030	1.000000e-030	1.000000e-030	2.087467e-001	1.000000e-030	1.000000e-030	7.252816e-017	1.000000e-030	1.000000e-030	1.000000e-030	
1.000000e-030	1.000000e-030	1.000000e-030	1.000000e-030	1.000000e-030	1.000000e-030	1.000000e-030	3.421257e-001	1.000000e-030	1.280512e-001	1.000000e-030	1.000000e-030	1.000000e-030	1.919902e-001	1.000000e-030	2.410992e-001	1.000000e-030	2.884801e-014	1.000000e-030	1.000000e-030	1.000000e-030	1.000000e-030	1.000000e-030	1.000000e-030	1.000000e-030	9.673367e-002	1.000000e-030	1.000000e-030	1.000000e-030	1.000000e-030	1.000000e-030	1.000000e-030	
9.120500e-002	1.000000e-030	1.520083e-002	1.520083e-002	1.000000e-030	3.040167e-002	7.600417e-002	1.288289e-001	1.520083e-002	4.561785e-002	1.000000e-030	1.000000e-030	3.040167e-002	1.524441e-002	1.520083e-002	1.554984e-001	1.000000e-030	1.368075e-001	1.000000e-030	1.000000e-030	1.000000e-030	1.672092e-001	1.000000e-030	1.520083e-002	1.000000e-030	3.157620e-002	1.000000e-030	1.000000e-030	1.000000e-030	1.520083e-002	1.000000e-030	1.000000e-030	
