8.869287e-001	1.130713e-001	0.000000e+000	0.000000e+000	0.000000e+000	
0.000000e+000	8.060521e-001	1.939479e-001	0.000000e+000	0.000000e+000	
0.000000e+000	0.000000e+000	8.000000e-001	2.000000e-001	0.000000e+000	
0.000000e+000	0.000000e+000	0.000000e+000	8.137702e-001	1.862298e-001	
0.000000e+000	0.000000e+000	0.000000e+000	0.000000e+000	1.000000e+000	
1.000000e-030	1.000000e-030	1.000000e-030	1.000000e-030	1.000000e-030	1.000000e-030	1.000000e-030	2.261426e-001	1.000000e-030	1.000000e-030	1.000000e-030	1.000000e-030	2.261426e-001	1.130713e-001	1.000000e-030	1.000000e-030	1.000000e-030	1.000000e-030	1.000000e-030	1.000000e-030	1.000000e-030	1.000000e-030	1.000000e-030	1.000000e-030	1.000000e-030	1.000000e-030	1.000000e-030	4.346434e-001	1.000000e-030	1.000000e-030	1.000000e-030	1.000000e-030	
1.000000e-030	1.000000e-030	1.000000e-030	1.000000e-030	1.000000e-030	1.000000e-030	1.000000e-030	1.000000e-030	1.000000e-030	1.000000e-030	1.000000e-030	1.000000e-030	1.000000e-030	2.754099e-015	1.000000e-030	1.000000e-030	1.000000e-030	1.000000e-030	1.000000e-030	1.000000e-030	1.000000e-030	1.000000e-030	1.000000e-030	1.000000e-030	1.000000e-030	1.000000e-030	1.000000e-030	1.000000e+000	1.000000e-030	1.000000e-030	1.000000e-030	1.000000e-030	
1.000000e-030	1.000000e-030	1.000000e-030	1.000000e-030	1.000000e-030	1.000000e-030	1.000000e-030	1.000000e-030	1.000000e-030	1.000000e-030	1.000000e-030	2.000000e-001	1.000000e-030	1.000000e-030	1.000000e-030	1.000000e-030	1.000000e-030	1.000000e-030	1.000000e-030	8.000000e-001	1.000000e-030	1.000000e-030	1.000000e-030	1.000000e-030	1.000000e-030	1.000000e-030	1.000000e-030	1.000000e-030	1.000000e-030	1.000000e-030	1.000000e-030	1.000000e-030	
1.000000e-030	1.000000e-030	1.000000e-030	1.000000e-030	1.000000e-030	1.000000e-030	1.000000e-030	5.353053e-001	1.000000e-030	1.000000e-030	1.000000e-030	9.223511e-002	1.000000e-030	1.862298e-001	1.000000e-030	1.000000e-030	1.000000e-030	2.048188e-027	1.000000e-030	1.000000e-030	1.000000e-030	1.000000e-030	1.000000e-030	1.000000e-030	1.000000e-030	1.000000e-030	1.000000e-030	1.000000e-030	1.000000e-030	1.862298e-001	1.000000e-030	1.000000e-030	
1.339939e-001	2.679877e-002	1.000000e-030	5.359754e-002	1.000000e-030	4.019816e-002	5.359754e-002	9.547820e-002	1.000000e-030	5.359754e-002	1.000000e-030	6.036053e-002	6.699693e-002	1.000000e-030	1.000000e-030	1.000000e-030	1.000000e-030	1.071951e-001	1.000000e-030	8.039631e-002	4.019816e-002	1.071951e-001	1.000000e-030	1.000000e-030	1.000000e-030	1.339939e-002	1.000000e-030	1.339939e-002	5.359754e-002	1.000000e-030	1.000000e-030	1.000000e-030	
