8.892679e-001	1.107321e-001	0.000000e+000	0.000000e+000	0.000000e+000	
0.000000e+000	8.329025e-001	1.670975e-001	0.000000e+000	0.000000e+000	
0.000000e+000	0.000000e+000	8.243823e-001	1.756177e-001	0.000000e+000	
0.000000e+000	0.000000e+000	0.000000e+000	9.476116e-001	5.238845e-002	
0.000000e+000	0.000000e+000	0.000000e+000	0.000000e+000	1.000000e+000	
1.000000e-030	1.000000e-030	1.000000e-030	1.000000e-030	1.000000e-030	1.000000e-030	1.000000e-030	1.000000e-030	1.000000e-030	2.300121e-030	1.000000e-030	1.000000e-030	1.000000e-030	1.158846e-015	1.000000e-030	1.000000e-030	1.000000e-030	1.000000e-030	1.000000e-030	1.000000e-030	1.000000e-030	1.000000e-030	1.000000e-030	1.000000e-030	1.000000e-030	1.000000e-030	1.000000e-030	1.000000e-030	1.000000e-030	7.563811e-002	1.000000e-030	9.243619e-001	
1.000000e-030	1.000000e-030	1.000000e-030	1.000000e-030	1.000000e-030	1.000000e-030	2.621633e-018	1.000000e-030	1.000000e-030	6.205487e-007	1.000000e-030	1.000000e-030	1.000000e-030	4.841290e-003	1.000000e-030	1.000000e-030	1.000000e-030	1.000000e-030	1.000000e-030	1.000000e-030	1.000000e-030	1.000000e-030	1.000000e-030	1.000000e-030	1.000000e-030	1.000000e-030	1.000000e-030	1.000000e-030	1.000000e-030	5.295768e-002	1.000000e-030	9.422004e-001	
1.000000e-030	1.000000e-030	1.000000e-030	1.000000e-030	1.000000e-030	1.000000e-030	1.756170e-001	1.000000e-030	1.000000e-030	3.504817e-001	1.000000e-030	1.000000e-030	1.000000e-030	3.461472e-001	1.000000e-030	1.253583e-001	1.000000e-030	1.000000e-030	1.000000e-030	1.000000e-030	1.000000e-030	1.000000e-030	5.660361e-007	1.000000e-030	1.000000e-030	1.000000e-030	1.000000e-030	1.000000e-030	1.000000e-030	1.669900e-026	7.210600e-026	2.395297e-003	
1.000000e-030	1.000000e-030	1.000000e-030	1.000000e-030	1.000000e-030	1.000000e-030	1.891475e-007	1.000000e-030	1.000000e-030	2.246364e-004	1.000000e-030	1.000000e-030	1.000000e-030	5.135954e-013	3.667077e-001	1.197698e-001	1.000000e-030	1.000000e-030	1.000000e-030	1.000000e-030	1.000000e-030	1.000000e-030	1.047767e-001	1.000000e-030	1.000000e-030	1.000000e-030	1.000000e-030	1.000000e-030	1.000000e-030	4.180189e-002	3.667191e-001	6.841767e-011	
1.000000e-030	1.000000e-030	1.000000e-030	1.000000e-030	1.000000e-030	1.000000e-030	1.000000e-030	1.000000e-030	1.000000e-030	1.000000e-030	1.000000e-030	1.000000e-030	1.000000e-030	1.000000e-030	3.684663e-006	1.000000e-030	1.000000e-030	1.000000e-030	1.000000e-030	1.000000e-030	1.000000e-030	1.000000e-030	1.000000e-030	1.182387e-001	1.000000e-030	1.000000e-030	1.000000e-030	1.000000e-030	1.000000e-030	3.719582e-002	3.531607e-018	8.445618e-001	
