7.373501e-001	2.626499e-001	0.000000e+000	0.000000e+000	0.000000e+000	
0.000000e+000	8.667012e-001	1.332988e-001	0.000000e+000	0.000000e+000	
0.000000e+000	0.000000e+000	9.176904e-001	8.230964e-002	0.000000e+000	
0.000000e+000	0.000000e+000	0.000000e+000	9.660257e-001	3.397427e-002	
0.000000e+000	0.000000e+000	0.000000e+000	0.000000e+000	1.000000e+000	
1.000000e-030	1.000000e-030	1.000000e-030	1.000000e-030	1.000000e-030	1.000000e-030	1.000000e-030	1.000000e-030	1.000000e-030	1.000000e-030	1.000000e-030	1.000000e-030	1.000000e-030	1.000000e-030	1.000000e-030	1.000000e-030	1.000000e-030	1.000000e-030	1.000000e-030	1.000000e-030	1.000000e-030	1.000000e-030	1.000000e-030	7.581379e-001	1.000000e-030	1.058369e-010	1.000000e-030	1.000000e-030	1.000000e-030	1.000000e-030	1.000000e-030	2.418621e-001	
1.000000e-030	1.000000e-030	1.000000e-030	1.000000e-030	1.000000e-030	1.000000e-030	1.000000e-030	1.000000e-030	1.000000e-030	1.000000e-030	1.000000e-030	1.000000e-030	1.000000e-030	1.000000e-030	1.000000e-030	2.663341e-001	1.000000e-030	1.000000e-030	1.000000e-030	1.000000e-030	1.000000e-030	1.000000e-030	1.000000e-030	1.899205e-001	1.000000e-030	1.332988e-001	1.000000e-030	1.000000e-030	1.000000e-030	1.000000e-030	1.000000e-030	4.104466e-001	
1.000000e-030	1.000000e-030	1.000000e-030	1.000000e-030	1.000000e-030	1.000000e-030	1.000000e-030	1.000000e-030	1.000000e-030	1.000000e-030	1.000000e-030	1.000000e-030	1.000000e-030	1.000000e-030	1.000000e-030	1.627530e-004	1.000000e-030	1.000000e-030	1.000000e-030	1.000000e-030	1.000000e-030	1.000000e-030	1.000000e-030	7.541215e-001	1.000000e-030	6.665340e-016	1.000000e-030	2.457157e-001	1.000000e-030	1.000000e-030	1.000000e-030	7.664502e-012	
1.000000e-030	1.000000e-030	1.000000e-030	1.000000e-030	1.000000e-030	1.000000e-030	1.000000e-030	5.761754e-010	1.000000e-030	1.000000e-030	1.000000e-030	1.000000e-030	1.000000e-030	1.000000e-030	1.000000e-030	1.000000e-030	1.000000e-030	1.000000e-030	1.000000e-030	1.000000e-030	1.000000e-030	1.000000e-030	1.000000e-030	2.557150e-001	1.000000e-030	1.000000e-030	1.000000e-030	6.844931e-002	1.000000e-030	1.000000e-030	1.000000e-030	6.758357e-001	
1.000000e-030	1.000000e-030	1.000000e-030	2.168848e-002	1.000000e-030	1.000000e-030	1.000000e-030	2.168848e-002	1.000000e-030	4.337696e-002	1.000000e-030	1.000000e-030	1.000000e-030	1.000000e-030	1.735078e-001	2.168848e-002	1.000000e-030	1.000000e-030	1.000000e-030	1.000000e-030	1.000000e-030	2.168848e-002	6.506544e-002	1.900521e-022	1.000000e-030	6.506544e-002	1.000000e-030	1.000000e-030	1.000000e-030	8.675392e-002	1.084424e-001	3.710341e-001	
