9.070819e-001	9.291806e-002	0.000000e+000	0.000000e+000	0.000000e+000	
0.000000e+000	9.020683e-001	9.793173e-002	0.000000e+000	0.000000e+000	
0.000000e+000	0.000000e+000	6.699628e-001	3.300372e-001	0.000000e+000	
0.000000e+000	0.000000e+000	0.000000e+000	8.655926e-001	1.344074e-001	
0.000000e+000	0.000000e+000	0.000000e+000	0.000000e+000	1.000000e+000	
1.000000e-030	1.000000e-030	1.000000e-030	1.000000e-030	1.000000e-030	1.000000e-030	1.000000e-030	1.000000e-030	1.000000e-030	1.000000e-030	1.000000e-030	1.000000e-030	1.000000e-030	1.000000e-030	1.000000e-030	1.000000e-030	1.000000e-030	1.000000e-030	1.000000e-030	1.000000e-030	1.000000e-030	1.000000e-030	1.000000e-030	1.000000e-030	1.000000e-030	1.000000e-030	1.000000e-030	1.000000e-030	1.000000e-030	1.000000e-030	1.000000e-030	1.000000e+000	
1.000000e-030	1.000000e-030	1.000000e-030	1.000000e-030	1.000000e-030	1.000000e-030	1.000000e-030	1.000000e-030	1.000000e-030	1.000000e-030	1.000000e-030	1.000000e-030	1.000000e-030	8.168965e-024	1.000000e-030	1.000000e-030	1.000000e-030	1.000000e-030	1.000000e-030	1.000000e-030	1.000000e-030	1.000000e-030	1.000000e-030	1.000000e-030	1.000000e-030	8.850408e-007	1.000000e-030	1.000000e-030	1.000000e-030	1.000000e-030	1.000000e-030	9.999991e-001	
1.000000e-030	1.000000e-030	1.000000e-030	1.000000e-030	1.000000e-030	1.000000e-030	1.000000e-030	1.000000e-030	1.000000e-030	1.000000e-030	1.055660e-002	1.000000e-030	1.000000e-030	3.300066e-001	1.000000e-030	1.000000e-030	1.000000e-030	1.000000e-030	1.000000e-030	1.000000e-030	1.000000e-030	1.000000e-030	1.214206e-013	1.000000e-030	1.000000e-030	6.506434e-001	1.000000e-030	1.000000e-030	1.000000e-030	1.000000e-030	1.000000e-030	8.793387e-003	
1.000000e-030	1.000000e-030	1.000000e-030	1.000000e-030	1.000000e-030	1.000000e-030	1.000000e-030	1.000000e-030	1.000000e-030	1.000000e-030	1.301083e-001	1.000000e-030	1.000000e-030	1.246983e-005	3.308748e-027	1.000000e-030	1.000000e-030	1.000000e-030	1.000000e-030	1.000000e-030	1.000000e-030	1.000000e-030	6.720371e-001	1.000000e-030	1.000000e-030	3.839532e-003	1.000000e-030	1.000000e-030	1.000000e-030	1.000000e-030	1.940027e-001	6.342021e-021	
1.000000e-030	1.000000e-030	1.000000e-030	1.000000e-030	1.000000e-030	1.000000e-030	1.000000e-030	1.000000e-030	1.000000e-030	1.000000e-030	1.000000e-030	1.000000e-030	1.000000e-030	1.000000e-030	2.960480e-002	1.000000e-030	1.000000e-030	1.000000e-030	1.000000e-030	1.000000e-030	1.000000e-030	1.000000e-030	8.324386e-012	1.000000e-030	1.000000e-030	1.000000e-030	1.000000e-030	1.000000e-030	1.000000e-030	4.440720e-002	1.710655e-001	7.549225e-001	
