5.000286e-001	4.999714e-001	0.000000e+000	0.000000e+000	0.000000e+000	
0.000000e+000	9.374995e-001	6.250054e-002	0.000000e+000	0.000000e+000	
0.000000e+000	0.000000e+000	6.669258e-001	3.330742e-001	0.000000e+000	
0.000000e+000	0.000000e+000	0.000000e+000	9.444377e-001	5.556234e-002	
0.000000e+000	0.000000e+000	0.000000e+000	0.000000e+000	1.000000e+000	
1.000000e-030	1.000000e-030	1.000000e-030	1.000000e-030	1.000000e-030	1.000000e-030	1.000000e-030	1.000000e-030	1.000000e-030	1.000000e-030	1.000000e-030	1.000000e-030	1.000000e-030	1.000000e-030	1.000000e-030	4.999714e-001	1.000000e-030	1.000000e-030	1.000000e-030	1.000000e-030	1.000000e-030	1.000000e-030	1.000000e-030	1.000000e-030	1.000000e-030	1.000000e-030	1.000000e-030	1.000000e-030	4.999714e-001	1.000000e-030	1.000000e-030	5.717148e-005	
1.000000e-030	1.000000e-030	1.000000e-030	1.000000e-030	1.000000e-030	1.000000e-030	1.000000e-030	1.000000e-030	1.000000e-030	1.000000e-030	1.000000e-030	1.000000e-030	1.000000e-030	1.000000e-030	1.000000e-030	2.240131e-013	1.000000e-030	1.000000e-030	1.000000e-030	9.397378e-014	1.000000e-030	1.000000e-030	1.000000e-030	5.000028e-001	1.000000e-030	1.000000e-030	1.000000e-030	1.000000e-030	1.000000e-030	1.000000e-030	1.000000e-030	4.999972e-001	
1.000000e-030	1.000000e-030	1.000000e-030	1.000000e-030	1.000000e-030	1.000000e-030	1.000000e-030	1.000000e-030	1.000000e-030	1.000000e-030	1.000000e-030	1.000000e-030	1.000000e-030	6.661484e-001	1.000000e-030	1.000000e-030	1.000000e-030	1.000000e-030	1.000000e-030	3.330742e-001	1.000000e-030	1.000000e-030	7.692780e-004	8.137447e-006	1.000000e-030	1.000000e-030	1.000000e-030	1.000000e-030	1.000000e-030	1.000000e-030	1.000000e-030	1.000000e-030	
1.000000e-030	1.000000e-030	1.000000e-030	1.000000e-030	1.000000e-030	1.000000e-030	1.000000e-030	1.000000e-030	1.000000e-030	1.111247e-001	1.000000e-030	1.000000e-030	1.000000e-030	2.533371e-014	5.000611e-001	1.000000e-030	1.000000e-030	1.000000e-030	1.000000e-030	1.000000e-030	1.000000e-030	1.000000e-030	2.221210e-001	1.000000e-030	1.000000e-030	1.000000e-030	1.000000e-030	1.000000e-030	1.000000e-030	6.196693e-006	1.666870e-001	1.000000e-030	
1.000000e-030	1.000000e-030	1.000000e-030	1.000000e-030	1.000000e-030	1.000000e-030	1.000000e-030	1.666670e-002	1.000000e-030	1.000000e-030	1.000000e-030	1.000000e-030	1.000000e-030	1.666670e-002	6.589771e-023	1.000000e-030	1.000000e-030	1.000000e-030	1.000000e-030	1.000000e-030	1.000000e-030	1.000000e-030	1.000000e-030	1.500003e-001	1.000000e-030	1.000000e-030	1.000000e-030	5.000009e-002	1.000000e-030	4.999823e-002	1.000000e-030	7.166680e-001	
