8.296591e-001	1.703409e-001	0.000000e+000	0.000000e+000	0.000000e+000	
0.000000e+000	9.489670e-001	5.103304e-002	0.000000e+000	0.000000e+000	
0.000000e+000	0.000000e+000	8.672730e-001	1.327270e-001	0.000000e+000	
0.000000e+000	0.000000e+000	0.000000e+000	7.671040e-001	2.328960e-001	
0.000000e+000	0.000000e+000	0.000000e+000	0.000000e+000	1.000000e+000	
1.000000e-030	1.000000e-030	1.000000e-030	1.000000e-030	1.000000e-030	1.000000e-030	1.000000e-030	1.000000e-030	1.000000e-030	1.000000e-030	1.000000e-030	1.000000e-030	1.000000e-030	1.000000e-030	1.000000e-030	1.000000e-030	1.000000e-030	1.000000e-030	1.000000e-030	1.000000e-030	1.000000e-030	1.000000e-030	1.000000e-030	2.844613e-003	1.000000e-030	1.000000e-030	1.000000e-030	1.000000e-030	1.000000e-030	1.000000e-030	1.000000e-030	9.971554e-001	
1.000000e-030	1.000000e-030	1.000000e-030	1.000000e-030	1.000000e-030	1.000000e-030	1.000000e-030	1.000000e-030	1.000000e-030	1.000000e-030	1.000000e-030	1.000000e-030	1.000000e-030	1.000000e-030	1.000000e-030	1.000000e-030	1.000000e-030	1.000000e-030	1.000000e-030	1.000000e-030	1.000000e-030	1.000000e-030	1.000000e-030	1.506368e-001	1.000000e-030	1.000000e-030	1.000000e-030	1.000000e-030	1.000000e-030	1.000000e-030	1.000000e-030	8.493632e-001	
1.000000e-030	1.000000e-030	1.000000e-030	1.000000e-030	1.000000e-030	1.000000e-030	1.000000e-030	1.000000e-030	1.000000e-030	1.000000e-030	1.000000e-030	1.000000e-030	1.000000e-030	1.000000e-030	1.000000e-030	1.000000e-030	1.000000e-030	1.000000e-030	1.000000e-030	1.000000e-030	1.000000e-030	1.000000e-030	1.000000e-030	4.187694e-003	1.000000e-030	1.000000e-030	1.000000e-030	1.000000e-030	1.599453e-008	1.000000e-030	1.000000e-030	9.958123e-001	
1.000000e-030	1.000000e-030	1.000000e-030	1.000000e-030	1.000000e-030	1.000000e-030	6.841397e-002	1.000000e-030	1.000000e-030	1.000000e-030	1.000000e-030	1.000000e-030	1.000000e-030	4.657921e-001	1.000000e-030	1.000000e-030	1.000000e-030	1.000000e-030	1.000000e-030	1.000000e-030	1.000000e-030	2.328960e-001	1.000000e-030	1.000000e-030	1.000000e-030	1.000000e-030	1.000000e-030	1.000000e-030	2.328960e-001	1.000000e-030	1.000000e-030	1.897162e-006	
1.000000e-030	1.000000e-030	1.000000e-030	1.000000e-030	1.000000e-030	1.000000e-030	6.006275e-002	1.000000e-030	1.000000e-030	1.000000e-030	1.000000e-030	1.000000e-030	1.000000e-030	1.000000e-030	8.102907e-002	1.000000e-030	1.000000e-030	1.000000e-030	1.000000e-030	1.000000e-030	1.000000e-030	5.286372e-011	4.861744e-002	1.620581e-002	1.000000e-030	1.000000e-030	1.000000e-030	1.000000e-030	1.000000e-030	3.241163e-002	8.102907e-002	6.806442e-001	
