8.169030e-001	1.830970e-001	0.000000e+000	0.000000e+000	0.000000e+000	
0.000000e+000	8.194808e-001	1.805192e-001	0.000000e+000	0.000000e+000	
0.000000e+000	0.000000e+000	8.888732e-001	1.111268e-001	0.000000e+000	
0.000000e+000	0.000000e+000	0.000000e+000	9.000010e-001	9.999898e-002	
0.000000e+000	0.000000e+000	0.000000e+000	0.000000e+000	1.000000e+000	
1.000000e-030	1.000000e-030	1.000000e-030	1.000000e-030	1.000000e-030	1.000000e-030	1.000000e-030	1.000000e-030	1.000000e-030	1.000000e-030	1.000000e-030	1.000000e-030	1.000000e-030	3.216351e-017	1.000000e-030	1.000000e-030	1.000000e-030	8.437495e-002	1.000000e-030	1.000000e-030	1.000000e-030	1.000000e-030	1.000000e-030	1.000000e-030	1.000000e-030	1.401505e-004	1.000000e-030	1.000000e-030	1.000000e-030	1.000000e-030	1.000000e-030	9.154849e-001	
1.000000e-030	1.000000e-030	1.000000e-030	1.000000e-030	1.000000e-030	1.000000e-030	5.414987e-001	1.000000e-030	1.000000e-030	1.000000e-030	1.000000e-030	1.000000e-030	1.000000e-030	1.805192e-001	1.000000e-030	1.000000e-030	1.000000e-030	9.733217e-002	1.000000e-030	1.000000e-030	1.000000e-030	1.000000e-030	2.687683e-004	1.000000e-030	1.000000e-030	1.803811e-001	1.000000e-030	1.000000e-030	1.000000e-030	1.000000e-030	1.000000e-030	1.909467e-008	
1.000000e-030	1.000000e-030	1.000000e-030	1.000000e-030	1.000000e-030	1.000000e-030	3.632589e-005	1.000000e-030	1.000000e-030	1.000000e-030	1.000000e-030	1.000000e-030	1.000000e-030	1.000000e-030	1.233573e-007	1.000000e-030	1.000000e-030	1.000000e-030	1.000000e-030	1.000000e-030	1.000000e-030	1.000000e-030	3.332150e-001	1.000000e-030	1.000000e-030	1.000000e-030	1.000000e-030	1.000000e-030	1.000000e-030	1.000000e-030	6.667485e-001	1.000000e-030	
1.000000e-030	1.000000e-030	1.000000e-030	1.000000e-030	1.000000e-030	1.000000e-030	1.000000e-030	1.000000e-030	1.000000e-030	1.000000e-030	1.000000e-030	1.000000e-030	1.000000e-030	1.000000e-030	4.999948e-001	1.000000e-030	1.000000e-030	1.000000e-030	1.000000e-030	1.000000e-030	1.000000e-030	1.000000e-030	1.000000e-030	9.999815e-002	1.000000e-030	1.000000e-030	1.000000e-030	1.999980e-001	1.000000e-030	1.999980e-001	1.118450e-005	1.334949e-010	
1.000000e-030	1.000000e-030	1.000000e-030	1.000000e-030	1.000000e-030	1.000000e-030	1.000000e-030	1.000000e-030	1.000000e-030	1.000000e-030	1.000000e-030	1.000000e-030	1.000000e-030	1.000000e-030	1.000000e-030	1.000000e-030	1.000000e-030	1.000000e-030	1.000000e-030	1.000000e-030	1.000000e-030	1.000000e-030	1.000000e-030	1.200333e-007	1.000000e-030	7.246376e-002	1.000000e-030	2.288707e-029	1.000000e-030	1.000000e-030	1.000000e-030	9.275361e-001	
