8.930624e-001	1.069376e-001	0.000000e+000	0.000000e+000	0.000000e+000	
0.000000e+000	8.822245e-001	1.177755e-001	0.000000e+000	0.000000e+000	
0.000000e+000	0.000000e+000	8.783926e-001	1.216074e-001	0.000000e+000	
0.000000e+000	0.000000e+000	0.000000e+000	8.772295e-001	1.227705e-001	
0.000000e+000	0.000000e+000	0.000000e+000	0.000000e+000	1.000000e+000	
1.000000e-030	1.000000e-030	1.000000e-030	1.000000e-030	1.000000e-030	1.000000e-030	1.000000e-030	1.000000e-030	1.000000e-030	1.000000e-030	1.000000e-030	1.000000e-030	1.000000e-030	1.000000e-030	1.000000e-030	1.000000e-030	1.000000e-030	1.000000e-030	1.000000e-030	1.000000e-030	1.000000e-030	1.000000e-030	1.000000e-030	3.589667e-017	1.000000e-030	1.000000e-030	1.000000e-030	1.000000e-030	1.000000e-030	1.000000e-030	1.000000e-030	1.000000e+000	
1.000000e-030	1.000000e-030	1.000000e-030	1.000000e-030	1.000000e-030	1.000000e-030	1.000000e-030	1.000000e-030	1.000000e-030	1.000000e-030	1.000000e-030	1.000000e-030	1.000000e-030	1.000000e-030	1.000000e-030	1.000000e-030	1.000000e-030	1.000000e-030	1.000000e-030	1.000000e-030	1.000000e-030	1.000000e-030	1.000000e-030	4.604069e-005	1.000000e-030	1.000000e-030	1.000000e-030	1.000000e-030	1.000000e-030	1.000000e-030	1.000000e-030	9.999540e-001	
1.000000e-030	1.000000e-030	1.000000e-030	1.000000e-030	1.000000e-030	1.000000e-030	1.000000e-030	1.000000e-030	1.000000e-030	1.000000e-030	1.000000e-030	1.000000e-030	1.000000e-030	1.000000e-030	1.000000e-030	1.000000e-030	1.000000e-030	1.000000e-030	1.000000e-030	1.000000e-030	2.061035e-007	1.803247e-020	1.000000e-030	2.431673e-001	1.000000e-030	1.000000e-030	1.000000e-030	1.000000e-030	1.000000e-030	8.400217e-003	1.000000e-030	7.484323e-001	
1.000000e-030	1.000000e-030	1.000000e-030	1.000000e-030	1.000000e-030	1.227705e-001	1.227705e-001	1.000000e-030	1.000000e-030	1.000000e-030	1.000000e-030	1.000000e-030	1.000000e-030	1.000000e-030	5.127471e-023	1.000000e-030	1.000000e-030	1.000000e-030	1.000000e-030	1.227705e-001	1.227703e-001	2.455410e-001	1.225581e-001	3.278978e-023	1.000000e-030	1.000000e-030	1.000000e-030	1.000000e-030	1.000000e-030	1.142899e-001	2.604836e-002	4.808048e-004	
1.000000e-030	1.000000e-030	1.000000e-030	1.000000e-030	1.000000e-030	1.000000e-030	1.000000e-030	1.000000e-030	1.000000e-030	1.000000e-030	1.000000e-030	1.000000e-030	1.000000e-030	6.173834e-002	1.234767e-001	1.543459e-002	1.000000e-030	1.000000e-030	1.000000e-030	1.958144e-011	1.000000e-030	1.618845e-024	2.669951e-005	2.469534e-001	1.000000e-030	1.000000e-030	1.000000e-030	6.173834e-002	1.000000e-030	1.080421e-001	8.933274e-002	2.932571e-001	
