9.067130e-001	9.328696e-002	0.000000e+000	0.000000e+000	0.000000e+000	
0.000000e+000	9.042575e-001	9.574245e-002	0.000000e+000	0.000000e+000	
0.000000e+000	0.000000e+000	8.578504e-001	1.421496e-001	0.000000e+000	
0.000000e+000	0.000000e+000	0.000000e+000	8.982006e-001	1.017994e-001	
0.000000e+000	0.000000e+000	0.000000e+000	0.000000e+000	1.000000e+000	
1.000000e-030	1.000000e-030	1.000000e-030	1.000000e-030	1.000000e-030	1.000000e-030	1.000000e-030	1.000000e-030	1.000000e-030	1.000000e-030	1.000000e-030	1.000000e-030	1.000000e-030	1.000000e-030	1.000000e-030	1.000000e-030	1.000000e-030	1.000000e-030	1.000000e-030	1.000000e-030	1.000000e-030	1.000000e-030	1.000000e-030	1.000000e-030	1.000000e-030	1.000000e-030	1.000000e-030	1.000000e-030	1.000000e-030	1.000000e-030	1.000000e-030	1.000000e+000	
1.000000e-030	1.000000e-030	1.000000e-030	1.839230e-019	1.000000e-030	1.000000e-030	1.000000e-030	1.000000e-030	1.000000e-030	1.000000e-030	1.000000e-030	1.000000e-030	1.000000e-030	1.000000e-030	1.000000e-030	1.000000e-030	1.000000e-030	1.000000e-030	1.000000e-030	1.000000e-030	1.000000e-030	1.000000e-030	1.000000e-030	1.000000e-030	1.000000e-030	1.000000e-030	1.000000e-030	1.000000e-030	1.000000e-030	1.000000e-030	1.000000e-030	1.000000e+000	
1.000000e-030	1.000000e-030	1.000000e-030	2.836661e-002	1.000000e-030	1.000000e-030	1.275680e-017	1.000000e-030	1.000000e-030	3.097329e-006	1.000000e-030	1.000000e-030	1.000000e-030	1.000000e-030	1.000000e-030	1.000000e-030	1.000000e-030	1.000000e-030	1.000000e-030	1.000000e-030	1.000000e-030	1.000000e-030	1.000000e-030	1.000000e-030	1.000000e-030	1.000000e-030	1.000000e-030	1.000000e-030	1.000000e-030	1.000000e-030	1.000000e-030	9.716303e-001	
1.000000e-030	1.000000e-030	1.000000e-030	8.148483e-002	1.000000e-030	1.000000e-030	1.017994e-001	1.000000e-030	1.000000e-030	1.017971e-001	1.000000e-030	1.000000e-030	1.000000e-030	1.000000e-030	1.068490e-013	1.000000e-030	1.000000e-030	1.000000e-030	1.000000e-030	1.017994e-001	1.000000e-030	1.000000e-030	6.107915e-001	1.000000e-030	1.000000e-030	1.000000e-030	1.000000e-030	1.000000e-030	1.000000e-030	1.000000e-030	2.283412e-003	4.439546e-005	
1.000000e-030	1.000000e-030	1.000000e-030	1.000000e-030	1.000000e-030	1.000000e-030	1.000000e-030	3.279892e-002	1.000000e-030	1.000000e-030	1.000000e-030	1.000000e-030	1.000000e-030	1.000000e-030	1.475951e-001	1.475951e-001	1.000000e-030	1.000000e-030	1.000000e-030	1.000000e-030	1.000000e-030	1.000000e-030	7.556503e-007	3.443887e-001	1.000000e-030	1.000000e-030	1.000000e-030	3.279892e-002	1.000000e-030	1.639946e-002	4.883053e-002	2.295924e-001	
