7.957492e-001	2.042508e-001	0.000000e+000	0.000000e+000	0.000000e+000	
0.000000e+000	9.010299e-001	9.897013e-002	0.000000e+000	0.000000e+000	
0.000000e+000	0.000000e+000	8.333333e-001	1.666667e-001	0.000000e+000	
0.000000e+000	0.000000e+000	0.000000e+000	9.443266e-001	5.567338e-002	
0.000000e+000	0.000000e+000	0.000000e+000	0.000000e+000	1.000000e+000	
1.000000e-030	1.000000e-030	1.000000e-030	1.000000e-030	1.000000e-030	1.000000e-030	1.000000e-030	5.706441e-001	1.000000e-030	1.000000e-030	1.000000e-030	3.728264e-001	1.000000e-030	1.000000e-030	1.000000e-030	1.000000e-030	1.000000e-030	1.000000e-030	1.000000e-030	1.000000e-030	1.000000e-030	1.000000e-030	1.000000e-030	5.652946e-002	1.000000e-030	1.000000e-030	1.000000e-030	1.000000e-030	1.000000e-030	1.000000e-030	1.000000e-030	1.000000e-030	
1.000000e-030	1.000000e-030	1.000000e-030	1.000000e-030	1.000000e-030	1.000000e-030	1.000000e-030	3.173141e-001	1.000000e-030	1.000000e-030	1.000000e-030	1.162566e-001	1.000000e-030	1.000000e-030	1.000000e-030	1.979403e-001	1.000000e-030	1.000000e-030	1.000000e-030	9.897013e-002	1.000000e-030	1.000000e-030	1.000000e-030	1.705488e-001	1.000000e-030	9.897013e-002	1.000000e-030	1.000000e-030	1.000000e-030	1.000000e-030	1.000000e-030	1.000000e-030	
1.000000e-030	1.000000e-030	1.000000e-030	1.000000e-030	1.666667e-001	1.000000e-030	1.000000e-030	1.000000e-030	1.000000e-030	3.333333e-001	1.000000e-030	1.000000e-030	1.000000e-030	1.000000e-030	1.000000e-030	1.000000e-030	1.000000e-030	5.169969e-021	1.000000e-030	1.000000e-030	1.666667e-001	1.000000e-030	1.000000e-030	1.253464e-015	1.000000e-030	1.000000e-030	1.000000e-030	1.000000e-030	3.333333e-001	1.000000e-030	1.000000e-030	1.000000e-030	
1.000000e-030	5.567338e-002	5.567338e-002	1.000000e-030	1.000000e-030	1.000000e-030	1.000000e-030	1.000000e-030	1.000000e-030	1.000000e-030	1.000000e-030	1.000000e-030	1.000000e-030	1.000000e-030	1.000000e-030	5.567338e-002	1.000000e-030	1.670202e-001	1.000000e-030	5.567338e-002	1.000000e-030	1.000000e-030	1.113468e-001	1.000000e-030	1.000000e-030	1.000000e-030	1.000000e-030	1.000000e-030	1.000000e-030	1.000000e-030	4.989395e-001	1.000000e-030	
1.000000e-030	1.000000e-030	1.000000e-030	3.331218e-002	1.000000e-030	1.000000e-030	1.000000e-030	2.165292e-001	1.000000e-030	3.331218e-002	1.000000e-030	1.665609e-002	1.665609e-002	4.996827e-002	1.665609e-001	6.662436e-002	1.000000e-030	1.000000e-030	1.000000e-030	9.993655e-002	3.331218e-002	1.000000e-030	1.000000e-030	1.665609e-002	1.000000e-030	8.328046e-002	1.000000e-030	1.000000e-030	9.993655e-002	4.996827e-002	1.729062e-002	1.000000e-030	
