8.812556e-001	1.187444e-001	0.000000e+000	0.000000e+000	0.000000e+000	
0.000000e+000	8.805070e-001	1.194930e-001	0.000000e+000	0.000000e+000	
0.000000e+000	0.000000e+000	8.388511e-001	1.611489e-001	0.000000e+000	
0.000000e+000	0.000000e+000	0.000000e+000	9.000442e-001	9.995579e-002	
0.000000e+000	0.000000e+000	0.000000e+000	0.000000e+000	1.000000e+000	
1.000000e-030	1.000000e-030	1.000000e-030	1.000000e-030	1.000000e-030	1.000000e-030	1.000000e-030	1.000000e-030	1.000000e-030	1.000000e-030	1.000000e-030	1.000000e-030	1.000000e-030	1.000000e-030	1.000000e-030	1.000000e-030	1.000000e-030	1.000000e-030	1.000000e-030	1.000000e-030	1.000000e-030	1.000000e-030	1.000000e-030	1.000000e-030	1.000000e-030	1.000000e-030	1.000000e-030	1.000000e-030	1.000000e-030	1.000000e-030	1.000000e-030	1.000000e+000	
1.000000e-030	1.000000e-030	1.000000e-030	5.859732e-005	1.000000e-030	1.000000e-030	1.000000e-030	1.000000e-030	1.000000e-030	1.000000e-030	1.000000e-030	1.000000e-030	1.000000e-030	1.000000e-030	1.000000e-030	1.000000e-030	1.000000e-030	1.000000e-030	1.000000e-030	1.000000e-030	1.000000e-030	1.000000e-030	1.000000e-030	1.000000e-030	1.000000e-030	1.000000e-030	1.000000e-030	1.000000e-030	1.000000e-030	1.000000e-030	1.000000e-030	9.999414e-001	
1.000000e-030	1.000000e-030	1.000000e-030	1.610698e-001	1.000000e-030	1.000000e-030	1.000000e-030	1.000000e-030	1.000000e-030	1.000000e-030	1.000000e-030	1.000000e-030	1.000000e-030	1.000000e-030	1.000000e-030	1.611489e-001	1.000000e-030	3.222977e-001	1.000000e-030	1.000000e-030	1.000000e-030	1.000000e-030	1.543941e-012	1.000000e-030	1.000000e-030	1.000000e-030	1.000000e-030	1.000000e-030	1.000000e-030	1.604363e-001	1.000000e-030	1.950473e-001	
1.000000e-030	1.000000e-030	1.000000e-030	1.000000e-030	1.000000e-030	1.000000e-030	1.000000e-030	1.000000e-030	1.000000e-030	1.000000e-030	1.000000e-030	1.000000e-030	1.000000e-030	1.000000e-030	1.481512e-007	1.000000e-030	1.000000e-030	1.000000e-030	1.000000e-030	1.000000e-030	1.000000e-030	1.000000e-030	4.997789e-001	1.000000e-030	1.000000e-030	1.000000e-030	1.000000e-030	1.000000e-030	1.000000e-030	4.419979e-004	4.997789e-001	3.094869e-024	
1.000000e-030	1.000000e-030	1.000000e-030	3.030303e-002	1.000000e-030	1.000000e-030	1.000000e-030	1.515152e-002	1.000000e-030	1.515152e-002	1.000000e-030	1.515152e-002	1.000000e-030	1.000000e-030	1.818182e-001	1.000000e-030	1.000000e-030	1.000000e-030	1.000000e-030	1.515152e-002	1.000000e-030	1.000000e-030	1.000000e-030	7.575758e-002	1.000000e-030	1.515152e-002	1.000000e-030	1.000000e-030	1.000000e-030	3.030303e-002	2.484234e-025	6.060606e-001	
