7.629324e-001 2.370676e-001 0.000000e+000 0.000000e+000 0.000000e+000 
0.000000e+000 8.179016e-001 1.820984e-001 0.000000e+000 0.000000e+000 
0.000000e+000 0.000000e+000 8.256769e-001 1.743231e-001 0.000000e+000 
0.000000e+000 0.000000e+000 0.000000e+000 8.585724e-001 1.414276e-001 
0.000000e+000 0.000000e+000 0.000000e+000 0.000000e+000 1.000000e+000 
5.029828e-003 1.000000e-030 1.000000e-030 1.860601e-002 1.979327e-002 4.072225e-005 1.000000e-030 5.148305e-002 1.000000e-030 1.041663e-002 8.510785e-003 2.456802e-002 3.269701e-002 3.021156e-002 1.000000e-030 7.914523e-002 1.000000e-030 1.000000e-030 1.000000e-030 2.114356e-002 2.918093e-002 1.000000e-030 1.000000e-030 1.554969e-001 1.000000e-030 1.003325e-001 1.000000e-030 5.476972e-002 4.267528e-002 2.830128e-002 1.000000e-030 2.875977e-001 
1.000000e-030 1.639142e-004 1.000000e-030 1.683738e-002 1.686273e-007 3.462181e-002 1.000000e-030 5.020748e-002 1.000000e-030 1.439571e-003 6.706538e-003 6.606746e-002 5.000337e-003 4.839349e-002 7.226978e-024 8.426101e-002 1.000000e-030 3.125000e-003 1.000000e-030 3.632773e-003 7.765840e-003 3.125000e-003 1.000000e-030 1.997167e-001 1.000000e-030 7.628677e-002 1.000000e-030 2.519666e-002 8.382380e-002 1.956032e-002 1.000000e-030 2.640680e-001 
1.000000e-030 8.359587e-003 1.867562e-004 4.321715e-002 3.360500e-002 9.317951e-003 2.164603e-003 7.728543e-002 1.000000e-030 9.160184e-003 5.736031e-003 2.809041e-002 1.148493e-002 3.604904e-002 3.464018e-003 6.979734e-002 1.000000e-030 2.752820e-003 4.218285e-002 2.433149e-002 1.707607e-002 1.060348e-002 7.777320e-017 1.573540e-001 1.000000e-030 4.743057e-002 1.248015e-024 3.820231e-002 6.741490e-002 5.188723e-002 1.000000e-030 2.028459e-001 
1.000000e-030 1.111184e-002 8.198477e-003 1.169515e-002 2.330484e-002 7.171221e-003 3.449290e-003 2.964041e-002 1.000000e-030 1.078585e-002 5.143691e-002 3.864241e-002 3.224357e-002 3.921185e-002 6.539605e-016 3.963669e-002 1.000000e-030 8.631413e-006 1.124533e-001 5.605829e-003 1.178482e-002 1.174497e-002 2.906747e-003 1.191077e-001 6.931656e-003 1.053078e-002 2.729816e-001 2.624570e-002 2.610988e-002 3.100151e-002 1.000000e-030 5.605825e-002 
3.824192e-004 1.085836e-002 4.313405e-004 7.558009e-003 2.455104e-002 1.463469e-003 4.095240e-004 5.946966e-002 1.000000e-030 1.075225e-002 3.026450e-002 4.511084e-002 2.994715e-002 2.420811e-002 1.000000e-030 4.764809e-002 1.149454e-003 1.573627e-003 1.662852e-002 2.010580e-002 1.015783e-002 2.360887e-003 3.957940e-004 1.832343e-001 4.310185e-003 4.732300e-002 6.354351e-002 6.598723e-002 1.857414e-002 2.655617e-002 1.000000e-030 2.450448e-001 
