7.469575e-001 2.530425e-001 0.000000e+000 0.000000e+000 0.000000e+000 
0.000000e+000 8.402413e-001 1.597587e-001 0.000000e+000 0.000000e+000 
0.000000e+000 0.000000e+000 7.965153e-001 2.034847e-001 0.000000e+000 
0.000000e+000 0.000000e+000 0.000000e+000 9.099138e-001 9.008621e-002 
0.000000e+000 0.000000e+000 0.000000e+000 0.000000e+000 1.000000e+000 
1.000000e-030 6.041945e-003 9.059580e-006 1.116306e-008 2.536795e-002 1.154456e-004 1.000000e-030 5.708695e-002 1.000000e-030 1.396223e-002 1.000000e-030 7.214266e-002 2.031278e-002 5.740982e-002 1.000000e-030 4.355820e-002 1.000000e-030 1.000000e-030 1.000000e-030 9.890018e-002 6.195501e-003 6.349705e-002 1.000000e-030 9.515650e-002 5.406675e-030 9.506654e-002 1.000000e-030 4.945350e-009 2.824430e-002 1.103093e-001 1.000000e-030 2.066236e-001 
1.000000e-030 1.797589e-006 1.157382e-003 2.823359e-002 1.199494e-002 1.081076e-002 1.000000e-030 2.927323e-002 1.515254e-019 8.840066e-003 1.000000e-030 7.959152e-002 1.696728e-002 4.446151e-002 1.090848e-030 6.227878e-002 1.000000e-030 1.000000e-030 1.000000e-030 5.403918e-002 2.354701e-002 4.380590e-002 1.000000e-030 8.057552e-002 2.500000e-002 6.195661e-002 1.000000e-030 2.175579e-002 4.803138e-002 7.342958e-002 3.529663e-003 2.707185e-001 
1.196246e-010 2.125948e-003 2.231088e-003 1.078834e-002 7.893118e-003 6.471778e-003 1.000000e-030 2.806885e-002 2.380689e-002 1.821423e-003 1.000000e-030 5.033263e-002 2.098607e-002 4.141655e-002 2.829905e-003 4.984532e-002 2.916668e-002 4.146000e-023 4.166668e-003 6.112905e-002 4.129399e-002 5.076790e-003 1.000000e-030 7.437708e-002 1.553470e-002 1.130270e-001 8.331533e-007 5.865355e-002 3.288656e-002 1.193266e-001 3.797462e-003 1.929452e-001 
2.078708e-002 1.231187e-002 4.764897e-002 1.342351e-002 1.591795e-002 4.667138e-005 8.960350e-003 5.182435e-002 7.698168e-002 1.616689e-002 6.706707e-003 4.504261e-002 1.139771e-002 3.293923e-002 4.998883e-003 1.702899e-002 5.385214e-002 5.166043e-003 3.103001e-003 9.822833e-002 1.917707e-002 2.953644e-003 1.000000e-030 8.965909e-002 1.700483e-002 4.796431e-002 1.304304e-003 4.561518e-002 1.729073e-002 1.342223e-001 3.029233e-004 8.197270e-002 
1.396851e-002 5.805393e-003 3.321060e-002 1.542454e-002 1.399431e-002 3.496036e-003 1.254372e-002 4.512579e-002 4.233340e-002 9.301571e-003 2.127713e-003 3.373738e-002 1.651632e-002 4.227421e-002 3.184728e-003 3.572721e-002 8.864705e-003 1.000000e-030 3.303661e-003 8.279685e-002 2.359111e-002 1.312883e-002 3.641208e-004 8.554652e-002 3.167089e-003 4.820404e-002 1.000000e-030 3.649135e-002 3.035985e-002 1.100442e-001 8.227580e-004 2.245434e-001 
