6.766758e-001 3.233242e-001 0.000000e+000 0.000000e+000 0.000000e+000 
0.000000e+000 8.275180e-001 1.724820e-001 0.000000e+000 0.000000e+000 
0.000000e+000 0.000000e+000 8.288585e-001 1.711415e-001 0.000000e+000 
0.000000e+000 0.000000e+000 0.000000e+000 9.097759e-001 9.022414e-002 
0.000000e+000 0.000000e+000 0.000000e+000 0.000000e+000 1.000000e+000 
1.000000e-030 5.689681e-002 1.000000e-030 3.220324e-002 1.422999e-002 6.528594e-002 1.000000e-030 8.415557e-002 1.000000e-030 3.728843e-002 1.000000e-030 3.323779e-002 5.690619e-002 1.280607e-001 1.000000e-030 7.199117e-002 1.000000e-030 2.083123e-002 1.000000e-030 3.671991e-002 6.255127e-002 7.988088e-002 1.000000e-030 6.072303e-002 1.000000e-030 9.262989e-003 1.000000e-030 1.571623e-002 3.464600e-003 4.053260e-003 1.000000e-030 1.265407e-001 
1.000000e-030 3.587618e-002 4.017278e-003 7.551354e-002 3.181605e-002 4.143395e-002 1.000000e-030 9.054130e-002 1.000000e-030 6.445049e-002 1.000000e-030 2.481401e-002 2.341582e-002 1.049986e-001 1.000000e-030 6.584347e-002 1.000000e-030 1.327776e-002 1.000000e-030 4.956554e-002 4.876057e-002 5.973795e-002 1.000000e-030 4.233139e-002 1.000000e-030 5.176530e-002 1.000000e-030 2.500000e-002 2.290373e-002 1.366500e-002 1.000000e-030 1.102721e-001 
1.000000e-030 3.778538e-002 1.669744e-003 2.664764e-002 1.695934e-002 4.286775e-002 1.000000e-030 9.929454e-002 1.250000e-002 7.844852e-002 4.166668e-003 3.059911e-002 5.530353e-002 1.097992e-001 1.000000e-030 9.301634e-002 1.000000e-030 3.986700e-003 1.000000e-030 7.859494e-002 2.275961e-002 6.558374e-002 1.000000e-030 4.623743e-002 1.000000e-030 2.011559e-002 1.000000e-030 1.502348e-002 1.444361e-002 2.529264e-002 1.000000e-030 9.890452e-002 
1.328112e-004 3.044318e-002 4.656810e-003 5.139696e-002 2.545925e-002 4.102107e-002 1.000000e-030 6.253504e-002 3.448830e-003 6.732407e-002 1.000000e-030 1.240559e-002 3.877838e-002 9.995998e-002 3.571427e-003 8.715444e-002 3.547984e-002 6.176681e-002 1.000000e-030 2.589215e-002 8.320191e-002 6.637622e-002 1.000000e-030 2.730560e-002 1.000000e-030 4.616563e-002 1.000000e-030 8.677610e-003 2.038905e-002 2.128433e-002 1.000000e-030 7.517299e-002 
9.040924e-002 4.228852e-002 1.557482e-002 3.164038e-002 2.956701e-002 4.500309e-002 6.550737e-002 6.862320e-002 7.084098e-003 5.503674e-002 3.209800e-003 1.447158e-002 2.790853e-002 6.145388e-002 5.913334e-003 6.228576e-002 1.315542e-002 7.781085e-002 3.993798e-003 2.280057e-002 3.035128e-002 5.292461e-002 1.272501e-003 3.746831e-002 1.000000e-030 2.582463e-002 3.524425e-004 1.898091e-002 9.068214e-003 1.231589e-002 3.436851e-003 6.426636e-002 
