7.581269e-001 2.418731e-001 0.000000e+000 0.000000e+000 0.000000e+000 
0.000000e+000 7.937304e-001 2.062696e-001 0.000000e+000 0.000000e+000 
0.000000e+000 0.000000e+000 8.677640e-001 1.322360e-001 0.000000e+000 
0.000000e+000 0.000000e+000 0.000000e+000 9.277424e-001 7.225761e-002 
0.000000e+000 0.000000e+000 0.000000e+000 0.000000e+000 1.000000e+000 
1.000000e-030 7.575157e-002 4.182408e-003 7.403857e-002 8.690283e-002 1.407704e-001 1.000000e-030 4.352596e-002 1.000000e-030 1.284479e-001 1.000000e-030 6.520535e-003 5.798275e-002 3.957898e-002 1.000000e-030 3.668466e-002 8.333333e-003 7.589337e-003 2.048525e-003 4.096810e-002 9.104862e-002 9.222068e-002 1.000000e-030 1.605340e-017 1.666667e-002 2.700893e-003 1.000000e-030 1.000000e-030 2.286237e-002 5.676855e-003 1.000000e-030 1.549801e-002 
1.000000e-030 3.047545e-002 4.170263e-003 1.286758e-001 5.285182e-002 9.947641e-002 1.000000e-030 5.168279e-002 1.000000e-030 9.032144e-002 1.000000e-030 3.152189e-002 1.009188e-001 2.653667e-002 1.000000e-030 2.980517e-002 5.536838e-017 4.453921e-003 3.930655e-003 3.403491e-002 1.288071e-001 6.594214e-002 1.000000e-030 1.086884e-002 1.000000e-030 7.915954e-003 1.000000e-030 1.000000e-030 7.260957e-002 1.000000e-030 1.000000e-030 2.500037e-002 
1.000000e-030 5.780668e-002 8.110206e-003 1.251319e-001 9.718447e-002 1.147301e-001 1.000000e-030 2.918529e-002 1.000000e-030 1.609679e-001 1.551856e-003 2.945332e-003 8.345771e-002 1.056721e-002 1.000000e-030 2.025568e-002 1.000000e-030 6.242395e-003 8.054010e-007 2.937569e-002 6.537536e-002 8.246715e-002 1.000000e-030 7.589910e-003 1.000000e-030 1.629408e-002 1.000000e-030 1.125885e-008 4.565612e-002 1.956113e-003 1.000000e-030 3.314807e-002 
1.817788e-003 9.636220e-002 1.548665e-003 8.919434e-002 5.018694e-002 1.232615e-001 1.000000e-030 2.517476e-002 6.345947e-004 1.383992e-001 6.941626e-003 7.829991e-003 5.284570e-002 2.144528e-002 1.000000e-030 1.485341e-002 3.078703e-005 6.636717e-002 3.286784e-003 1.995294e-002 8.924542e-002 7.284585e-002 1.000000e-030 5.465978e-003 3.397605e-002 2.410186e-003 3.878115e-003 3.365761e-002 2.325130e-002 3.571428e-003 1.000000e-030 1.156447e-002 
1.505226e-003 7.062459e-002 1.382344e-002 8.180506e-002 4.701719e-002 8.651804e-002 1.000000e-030 3.569036e-002 2.338285e-002 8.327345e-002 3.987696e-003 2.170606e-002 6.389033e-002 1.629061e-002 1.000000e-030 2.319662e-002 2.046046e-002 2.906291e-002 1.247296e-002 3.642741e-002 6.912814e-002 6.406230e-002 7.421625e-004 7.551820e-003 8.161659e-002 1.220423e-002 5.536493e-003 1.774332e-002 4.249934e-002 1.582295e-003 1.000000e-030 2.619807e-002 
