8.247565e-001 1.752435e-001 0.000000e+000 0.000000e+000 0.000000e+000 
0.000000e+000 8.739189e-001 1.260811e-001 0.000000e+000 0.000000e+000 
0.000000e+000 0.000000e+000 7.790559e-001 2.209441e-001 0.000000e+000 
0.000000e+000 0.000000e+000 0.000000e+000 8.803206e-001 1.196794e-001 
0.000000e+000 0.000000e+000 0.000000e+000 0.000000e+000 1.000000e+000 
1.000000e-030 1.000000e-030 1.000000e-030 1.000000e-030 1.000000e-030 1.000000e-030 2.229065e-003 1.426610e-002 1.000000e-030 1.032503e-030 5.880818e-006 1.307208e-002 1.000000e-030 2.977524e-017 1.000000e-030 1.548991e-002 1.000000e-030 2.109374e-003 1.000000e-030 1.000000e-030 1.000000e-030 1.000000e-030 1.000000e-030 1.638151e-001 1.000000e-030 4.171519e-003 1.000000e-030 1.844229e-002 1.249929e-002 1.890953e-003 2.193235e-003 7.498152e-001 
1.000000e-030 1.000000e-030 1.000000e-030 1.526194e-006 1.000000e-030 1.000000e-030 1.411622e-002 7.932853e-003 1.000000e-030 1.786040e-008 2.125657e-003 2.906415e-003 1.000000e-030 4.634145e-003 1.000000e-030 4.090269e-002 1.000000e-030 2.433534e-003 1.000000e-030 2.474253e-003 1.000000e-030 1.565631e-009 6.719208e-006 1.215370e-001 1.000000e-030 1.196898e-002 1.000000e-030 1.000000e-030 1.000000e-030 8.515112e-003 4.960618e-005 7.803953e-001 
1.000000e-030 1.000000e-030 1.000000e-030 1.301820e-002 4.166668e-003 1.000000e-030 2.099023e-002 1.029287e-002 1.000000e-030 4.660530e-002 2.639150e-004 1.000000e-030 1.000000e-030 2.074841e-001 3.083933e-009 3.733775e-002 1.000000e-030 1.638194e-002 1.000000e-030 8.326855e-003 4.166673e-003 2.126661e-002 4.672637e-002 8.396717e-002 1.000000e-030 2.459942e-002 1.000000e-030 1.447623e-002 8.333333e-003 2.080707e-002 1.666879e-002 3.941205e-001 
1.000000e-030 1.391835e-003 1.391835e-003 1.397718e-002 1.000000e-030 5.550342e-003 5.876194e-002 4.718298e-003 1.000000e-030 1.323590e-002 3.252708e-003 1.000000e-030 5.318560e-003 1.035293e-001 1.177476e-001 2.165953e-002 1.000000e-030 2.882037e-002 1.000000e-030 1.324247e-002 3.069257e-003 3.662500e-002 2.061801e-001 5.614824e-002 1.000000e-030 1.816563e-002 1.000000e-030 6.711183e-003 5.822400e-003 3.842715e-002 1.502757e-001 8.597747e-002 
1.000000e-030 1.185014e-003 7.539810e-004 2.488860e-003 1.000000e-030 1.576512e-006 3.912597e-003 9.170540e-003 1.000000e-030 2.652284e-003 1.000000e-030 1.151458e-003 5.993404e-003 2.454793e-002 6.451253e-002 2.789191e-002 1.000000e-030 4.239465e-004 1.000000e-030 4.077946e-003 2.010732e-003 3.786978e-003 2.560467e-002 6.513736e-002 1.000000e-030 2.814902e-002 1.000000e-030 6.381246e-003 5.163185e-003 5.439637e-002 6.097832e-002 5.996281e-001 
